16 14 9 1 15 10 5 11 6 7 3 13 12 2 8 4
14 11 12 8 10 7 4 6 3 2 16 1 13 15 9 5
1 2 5 13 3 6 9 7 10 11 15 16 14 12 8 4
13 15 12 4 14 11 8 10 7 6 1 9 3 5 2 16
11 7 6 2 15 10 5 14 9 13 1 3 16 4 8 12
2 3 6 5 4 7 10 8 11 12 13 14 9 15 1 16
11 7 6 2 15 10 5 14 9 13 8 16 1 4 3 12
6 7 11 16 5 10 15 9 14 13 4 8 3 2 1 12
4 3 8 16 2 7 12 6 11 10 9 14 15 13 1 5
3 2 7 8 1 6 11 5 10 9 13 12 16 4 15 14
1 6 7 11 5 10 15 9 14 13 3 4 8 12 2 16
5 9 10 12 1 6 11 2 7 3 8 14 4 13 15 16
13 10 7 4 14 11 8 15 12 16 1 9 2 6 5 3
9 5 6 8 13 10 7 14 11 15 4 1 2 12 16 3
15 14 10 9 16 11 6 12 7 8 4 1 3 5 13 2
12 11 14 15 7 10 13 6 9 5 1 3 8 4 16 2
5 1 2 4 9 6 3 10 7 11 12 15 8 16 13 14
9 10 7 6 14 11 8 15 12 16 3 13 1 4 2 5
15 14 11 12 13 10 7 9 6 5 1 3 16 2 4 8
13 5 1 2 9 6 3 10 7 11 16 14 8 15 4 12
16 15 12 4 14 11 8 10 7 6 5 13 1 3 2 9
6 10 11 15 2 7 12 3 8 4 5 9 1 14 13 16
13 5 2 1 9 6 3 10 7 11 14 12 16 8 15 4
8 11 15 14 7 10 13 6 9 5 12 4 1 3 16 2
6 10 11 16 2 7 12 3 8 4 5 15 9 14 1 13
4 8 3 1 12 7 2 11 6 10 15 13 5 9 14 16
16 11 6 2 15 10 5 14 9 13 7 1 4 12 8 3
15 11 6 5 12 7 2 8 3 4 14 16 9 13 1 10
9 5 6 2 13 10 7 14 11 15 4 16 3 8 1 12
12 10 9 5 11 6 1 7 2 3 8 15 14 13 16 4
6 10 11 15 2 7 12 3 8 4 13 5 16 9 14 1
7 6 10 9 8 11 14 12 15 16 3 1 2 5 13 4
14 15 11 12 13 10 7 9 6 5 8 4 2 1 3 16
14 11 8 12 10 7 4 6 3 2 5 1 16 13 9 15
12 8 11 9 4 7 10 3 6 2 16 15 1 5 13 14
2 1 5 13 3 6 9 7 10 11 8 15 4 14 12 16
16 8 3 1 12 7 2 11 6 10 5 13 14 4 15 9
8 4 3 1 12 7 2 11 6 10 14 15 9 5 16 13
8 4 3 1 12 7 2 11 6 10 14 9 15 16 13 5
13 5 1 2 9 6 3 10 7 11 16 12 4 8 15 14
9 13 14 16 5 10 15 6 11 7 8 4 3 1 12 2
9 5 6 2 13 10 7 14 11 15 4 1 3 16 12 8
10 6 11 16 2 7 12 3 8 4 9 15 13 14 1 5
8 12 11 9 4 7 10 3 6 2 16 13 5 14 1 15
3 4 8 16 2 7 12 6 11 10 13 14 1 5 9 15
4 12 16 15 8 11 14 7 10 6 13 2 1 3 9 5
1 9 14 13 5 10 15 6 11 7 4 16 12 3 8 2
4 7 6 10 8 11 14 12 15 16 13 2 3 9 5 1
4 12 16 15 8 11 14 7 10 6 9 5 3 2 1 13
5 9 6 3 13 10 7 14 11 15 16 12 4 1 8 2