14 11 8 4 10 7 3 6 2 1 13 9 5 12 16 15
3 7 12 16 6 11 15 10 14 13 2 5 9 4 8 1
1 5 9 13 6 10 14 7 11 8 2 3 4 15 12 16
12 15 14 13 11 10 9 6 5 2 8 7 3 4 1 16
1 2 3 4 6 7 8 10 11 15 5 9 14 16 13 12
4 3 2 1 7 6 5 11 10 15 8 12 16 9 13 14
3 6 9 13 7 10 14 11 15 16 4 8 12 1 2 5
15 10 5 1 11 6 2 7 3 4 16 12 8 13 14 9
13 14 15 16 10 11 12 6 7 2 9 5 1 3 8 4
4 3 2 1 7 6 5 11 10 15 8 12 16 9 13 14
12 15 14 13 11 10 9 6 5 1 8 7 2 16 3 4
14 11 8 4 10 7 3 6 2 1 13 9 5 16 12 15
5 10 15 16 6 11 12 7 8 4 1 2 3 9 13 14
8 11 14 13 7 10 9 6 5 1 4 3 2 15 12 16
15 12 8 4 11 7 3 6 2 1 14 10 5 13 9 16
13 9 5 1 10 6 2 7 3 8 14 11 12 4 15 16
4 3 2 1 7 6 5 11 10 15 8 12 16 14 13 9
9 6 3 4 10 7 8 11 12 16 13 14 15 2 5 1
9 14 15 16 10 11 12 7 8 3 5 6 2 4 13 1
13 14 15 16 10 11 12 6 7 2 9 5 1 4 3 8
8 11 14 13 7 10 9 6 5 1 4 3 2 16 15 12
9 14 15 16 10 11 12 7 8 3 5 6 2 1 4 13
5 10 15 16 6 11 12 7 8 4 1 2 3 9 14 13
13 9 5 1 10 6 2 11 7 12 14 15 16 4 3 8
2 7 12 16 6 11 15 10 14 13 1 5 9 4 3 8
2 7 12 16 6 11 15 10 14 13 1 5 9 8 4 3
4 3 2 1 7 6 5 11 10 15 8 12 16 13 14 9
3 6 9 13 7 10 14 11 15 16 4 8 12 2 5 1
1 5 9 13 6 10 14 7 11 12 2 3 8 4 15 16
13 14 15 16 10 11 12 6 7 2 9 5 1 4 8 3
1 5 9 13 6 10 14 7 11 8 2 3 4 12 15 16
14 9 5 1 10 6 2 7 3 4 15 11 8 13 12 16
5 10 15 16 6 11 12 7 8 4 1 2 3 9 13 14
2 7 12 16 6 11 15 10 14 13 1 5 9 3 4 8
5 6 3 4 10 7 8 11 12 16 9 14 15 13 1 2
15 11 8 4 10 7 3 6 2 1 14 9 5 16 13 12
4 3 2 1 7 6 5 11 10 15 8 12 16 13 9 14
2 6 9 13 7 10 14 11 15 16 3 8 12 1 4 5
1 5 9 13 6 10 14 7 11 8 2 3 4 12 15 16
13 9 5 1 10 6 2 11 7 8 14 15 12 16 4 3
14 9 5 1 10 6 2 7 3 4 15 11 8 16 13 12
9 6 3 4 10 7 8 11 12 16 13 14 15 1 2 5
15 10 5 1 11 6 2 7 3 4 16 12 8 9 14 13
1 5 9 13 6 10 14 7 11 8 2 3 4 16 12 15
13 14 15 16 10 11 12 6 7 2 9 5 1 4 8 3
13 9 5 1 10 6 2 7 3 8 14 11 12 16 4 15
13 9 5 1 10 6 2 11 7 12 14 15 16 3 8 4
1 5 9 13 6 10 14 7 11 12 2 3 8 16 15 4
16 15 14 13 11 10 9 7 6 3 12 8 4 5 2 1
15 10 5 1 11 6 2 7 3 4 16 12 8 13 9 14