8 6 13 9 4 2 5 1 7 10 11 15 12 16 14 3
15 7 16 5 1 8 3 4 11 6 10 9 14 13 12 2
13 11 4 9 14 15 12 16 10 7 6 5 2 1 8 3
4 6 13 8 9 2 5 1 10 7 11 15 12 3 16 14
1 7 16 12 15 8 3 4 11 6 10 14 9 5 2 13
16 7 5 12 1 8 3 4 6 11 10 9 14 13 2 15
16 10 12 15 1 14 9 13 6 11 7 3 8 2 4 5
16 7 1 15 12 3 8 4 6 11 10 14 9 2 13 5
1 7 12 5 16 3 8 4 6 11 10 9 14 15 13 2
14 6 4 9 13 2 5 1 7 10 11 15 12 8 16 3
12 7 16 2 1 3 8 4 6 11 10 9 14 5 15 13
9 11 13 14 4 12 15 16 10 7 6 5 2 1 3 8
16 10 1 15 12 14 9 13 6 11 7 8 3 5 2 4
2 7 16 15 1 8 3 4 6 11 10 9 14 13 5 12
13 6 4 3 8 2 5 1 7 10 11 12 15 16 9 14
1 7 16 12 2 8 3 4 11 6 10 9 14 5 15 13
16 7 1 15 12 3 8 4 11 6 10 9 14 5 13 2
13 11 9 3 4 12 15 16 10 7 6 5 2 14 1 8
13 11 3 8 4 15 12 16 7 10 6 5 2 1 9 14
16 7 15 5 1 8 3 4 6 11 10 14 9 2 12 13
4 6 14 8 13 2 5 1 7 10 11 15 12 9 16 3
13 11 4 8 9 15 12 16 7 10 6 2 5 3 1 14
16 7 15 12 1 8 3 4 6 11 10 14 9 2 5 13
13 11 4 8 3 15 12 16 7 10 6 2 5 9 1 14
13 11 3 14 4 15 12 16 10 7 6 5 2 1 9 8
1 7 15 2 16 3 8 4 6 11 10 9 14 5 12 13
13 6 4 3 14 5 2 1 7 10 11 12 15 8 9 16
13 6 4 8 3 5 2 1 7 10 11 15 12 16 9 14
13 6 4 3 9 2 5 1 10 7 11 12 15 16 8 14
4 6 13 3 14 5 2 1 7 10 11 15 12 16 8 9
9 6 4 3 13 5 2 1 7 10 11 12 15 16 14 8
12 10 16 5 1 9 14 13 11 6 7 3 8 2 4 15
8 6 4 14 13 2 5 1 7 10 11 15 12 16 3 9
1 10 16 15 5 14 9 13 6 11 7 3 8 2 12 4
13 6 4 9 3 5 2 1 7 10 11 12 15 16 8 14
4 11 14 8 13 12 15 16 7 10 6 2 5 9 1 3
13 11 4 3 8 15 12 16 10 7 6 2 5 9 14 1
4 11 3 9 13 15 12 16 10 7 6 5 2 1 14 8
2 10 1 5 16 14 9 13 6 11 7 8 3 4 15 12
13 11 8 3 4 15 12 16 7 10 6 2 5 1 9 14
4 11 8 14 13 15 12 16 7 10 6 5 2 1 3 9
9 11 13 14 4 15 12 16 7 10 6 2 5 8 1 3
1 10 16 15 12 14 9 13 11 6 7 8 3 4 2 5
16 7 12 15 1 3 8 4 11 6 10 9 14 5 2 13
8 6 13 3 4 2 5 1 10 7 11 15 12 16 14 9
13 6 8 3 4 2 5 1 10 7 11 12 15 16 9 14
4 11 13 8 9 15 12 16 7 10 6 5 2 1 3 14
8 6 13 9 4 5 2 1 10 7 11 12 15 16 3 14
1 10 16 5 12 9 14 13 11 6 7 8 3 4 15 2
14 6 4 9 13 5 2 1 10 7 11 15 12 16 3 8