8 6 13 14 16 2 4 3 7 10 11 12 15 1 9 5
1 7 13 5 2 8 16 12 11 6 10 9 14 15 3 4
4 10 2 15 16 9 1 5 11 6 7 8 3 13 14 12
16 11 4 8 1 15 13 14 10 7 6 2 5 3 9 12
1 7 13 15 2 8 16 12 11 6 10 14 9 5 3 4
1 10 4 13 2 14 16 15 6 11 7 8 3 9 5 12
16 6 13 8 14 2 4 3 7 10 11 12 15 5 9 1
1 10 4 5 2 14 15 16 6 11 7 8 3 9 13 12
16 7 13 15 5 3 1 2 6 11 10 9 14 4 8 12
4 10 16 13 15 9 5 1 6 11 7 3 8 12 2 14
3 11 13 9 1 12 4 8 10 7 6 2 5 16 14 15
14 6 4 1 16 5 9 13 7 10 11 12 15 2 3 8
4 10 16 13 15 9 5 1 11 6 7 8 3 12 14 2
13 11 1 3 14 12 4 8 10 7 6 2 5 16 9 15
4 11 16 8 1 15 14 13 7 10 6 5 2 12 9 3
4 10 2 13 16 9 5 1 6 11 7 8 3 14 15 12
1 11 16 9 13 12 8 4 10 7 6 5 2 3 14 15
13 11 1 9 16 12 3 4 7 10 6 2 5 8 14 15
1 11 16 9 4 15 14 13 10 7 6 2 5 12 8 3
13 7 16 12 15 3 2 1 6 11 10 9 14 8 5 4
13 10 1 12 4 14 16 15 11 6 7 8 3 5 2 9
1 7 2 15 13 8 12 16 11 6 10 14 9 3 5 4
4 10 16 13 2 9 1 5 11 6 7 8 3 12 15 14
12 10 1 13 4 14 16 15 11 6 7 8 3 2 5 9
13 11 3 16 1 12 4 8 7 10 6 2 5 9 15 14
13 6 16 1 8 2 4 3 7 10 11 12 15 9 14 5
13 10 4 2 16 9 5 1 11 6 7 8 3 12 14 15
16 11 4 9 1 15 13 14 7 10 6 2 5 3 12 8
13 7 2 5 1 8 12 16 6 11 10 14 9 4 15 3
13 10 4 12 1 14 16 15 11 6 7 3 8 5 2 9
1 10 4 5 13 14 15 16 6 11 7 8 3 2 12 9
16 11 4 3 1 15 14 13 10 7 6 2 5 12 9 8
16 7 15 12 13 3 5 1 11 6 10 14 9 4 8 2
13 11 1 9 3 12 4 8 7 10 6 5 2 16 14 15
1 11 4 3 9 15 14 13 10 7 6 5 2 8 12 16
8 6 13 9 16 2 4 3 7 10 11 12 15 14 5 1
13 7 1 5 2 8 12 16 11 6 10 9 14 4 3 15
12 10 1 5 4 14 16 15 11 6 7 8 3 2 9 13
16 10 2 12 4 9 1 5 6 11 7 8 3 14 13 15
13 7 1 5 15 8 12 16 6 11 10 9 14 4 2 3
13 6 1 9 16 2 3 4 10 7 11 12 15 5 14 8
4 10 1 2 5 14 15 16 11 6 7 8 3 13 9 12
16 10 4 12 13 9 1 5 11 6 7 3 8 14 2 15
1 6 16 8 13 2 4 3 7 10 11 12 15 9 14 5
4 6 14 1 16 5 13 9 10 7 11 15 12 2 3 8
13 10 1 5 4 14 16 15 11 6 7 8 3 12 9 2
4 7 1 5 13 8 16 12 11 6 10 14 9 3 15 2
16 6 8 14 4 5 13 9 10 7 11 15 12 1 3 2
16 7 13 15 4 3 1 2 6 11 10 9 14 5 8 12
16 6 4 8 3 5 14 13 10 7 11 15 12 2 9 1