12 7 1 16 15 3 8 4 6 11 10 9 14 13 2 5
2 7 12 5 13 3 8 4 6 11 10 14 9 15 1 16
14 6 4 13 8 5 2 1 7 10 11 15 12 9 3 16
9 6 13 4 8 5 2 1 7 10 11 15 12 3 14 16
2 7 1 16 15 8 3 4 6 11 10 9 14 5 12 13
2 7 13 12 16 3 8 4 11 6 10 14 9 15 1 5
3 6 8 13 14 5 2 1 7 10 11 12 15 9 4 16
12 10 16 15 2 14 9 13 11 6 7 3 8 5 1 4
8 11 14 3 13 15 12 16 7 10 6 5 2 4 1 9
5 10 1 2 4 9 14 13 11 6 7 8 3 16 12 15
15 10 5 1 2 14 9 13 6 11 7 3 8 12 16 4
14 6 16 13 4 5 2 1 10 7 11 15 12 8 3 9
12 7 1 15 13 3 8 4 11 6 10 14 9 16 5 2
12 7 1 16 15 3 8 4 6 11 10 14 9 2 5 13
9 11 4 1 13 12 15 16 7 10 6 2 5 14 8 3
5 10 1 16 12 9 14 13 11 6 7 3 8 4 2 15
12 7 1 16 13 8 3 4 6 11 10 14 9 15 2 5
2 10 16 5 1 9 14 13 11 6 7 3 8 15 4 12
12 10 4 2 1 14 9 13 11 6 7 8 3 5 15 16
14 11 4 1 3 12 15 16 10 7 6 5 2 8 9 13
2 7 1 15 5 3 8 4 11 6 10 9 14 16 12 13
14 11 4 1 8 12 15 16 7 10 6 2 5 3 9 13
14 11 9 3 1 15 12 16 10 7 6 2 5 8 4 13
12 7 1 5 2 8 3 4 6 11 10 14 9 15 16 13
8 6 4 9 16 5 2 1 7 10 11 12 15 3 14 13
3 6 16 8 13 2 5 1 10 7 11 15 12 9 14 4
5 10 12 4 16 9 14 13 11 6 7 3 8 15 1 2
5 10 16 1 2 14 9 13 11 6 7 3 8 12 15 4
8 11 1 14 13 15 12 16 10 7 6 2 5 3 4 9
12 10 16 1 5 9 14 13 11 6 7 3 8 2 15 4
3 11 4 9 1 12 15 16 7 10 6 2 5 14 13 8
12 10 4 5 1 14 9 13 6 11 7 3 8 16 15 2
15 7 12 2 5 3 8 4 11 6 10 14 9 16 13 1
2 10 1 16 5 14 9 13 11 6 7 3 8 4 15 12
3 11 4 8 13 12 15 16 10 7 6 5 2 1 9 14
12 10 1 16 15 14 9 13 11 6 7 8 3 5 4 2
8 6 9 4 16 5 2 1 10 7 11 12 15 3 13 14
8 11 14 13 3 12 15 16 10 7 6 5 2 1 4 9
8 11 13 9 4 15 12 16 10 7 6 5 2 1 3 14
2 10 12 4 1 9 14 13 6 11 7 8 3 5 15 16
5 10 16 12 4 14 9 13 6 11 7 3 8 1 15 2
5 10 4 16 1 9 14 13 6 11 7 8 3 12 2 15
5 7 13 15 16 3 8 4 11 6 10 14 9 2 1 12
5 10 16 1 4 14 9 13 6 11 7 8 3 2 15 12
5 10 1 2 12 9 14 13 11 6 7 3 8 16 15 4
9 6 13 16 8 5 2 1 10 7 11 12 15 14 4 3
5 7 12 13 15 8 3 4 6 11 10 14 9 1 16 2
8 11 4 13 14 15 12 16 10 7 6 2 5 3 9 1
9 11 4 13 8 15 12 16 10 7 6 5 2 3 1 14
9 6 13 4 16 5 2 1 7 10 11 12 15 14 8 3