10 11 8 4 9 13 5 6 7 3 2 1 14 15 12 16
15 11 10 6 13 14 9 5 1 2 3 4 12 8 16 7
2 1 5 9 3 4 7 11 15 13 14 10 12 6 8 16
13 14 15 11 9 5 10 6 2 7 3 4 16 1 12 8
2 1 5 9 3 4 7 6 10 14 15 16 12 11 13 8
12 11 10 9 8 7 4 3 2 1 5 6 13 15 14 16
9 5 1 2 10 14 6 8 4 3 7 11 16 15 13 12
6 7 11 15 5 1 9 13 14 16 12 8 2 10 3 4
2 3 4 8 6 5 10 14 16 12 11 7 13 15 9 1
7 5 9 10 3 2 4 8 12 11 15 14 13 16 1 6
3 2 1 5 7 6 11 15 13 9 10 14 4 12 16 8
8 12 11 10 7 3 6 9 13 14 15 16 4 2 5 1
8 12 11 10 7 3 15 14 13 9 5 6 2 16 1 4
16 15 14 13 12 8 11 10 6 9 5 1 2 3 4 7
4 8 12 11 2 1 3 7 6 10 14 15 13 16 9 5
10 6 7 3 11 15 12 8 4 2 1 5 16 13 9 14
3 4 8 12 2 1 10 14 15 11 7 6 16 5 13 9
7 6 14 13 3 4 2 1 5 9 10 11 15 8 12 16
2 1 5 9 3 4 7 6 10 11 15 16 13 14 12 8
10 11 12 8 9 5 13 14 15 7 3 2 6 4 16 1
1 5 9 13 2 3 7 11 10 14 15 16 8 4 12 6
14 10 2 3 15 11 16 12 8 7 6 5 4 13 9 1
2 6 10 11 3 4 7 12 16 15 14 13 1 9 8 5
15 11 12 8 13 9 14 10 6 7 3 2 16 4 1 5
10 9 13 14 6 5 2 3 7 15 16 12 4 1 8 11
6 5 9 10 7 8 3 4 12 11 15 16 13 1 14 2
5 6 7 8 9 13 10 11 12 4 3 2 16 1 15 14
16 15 14 13 12 8 11 10 9 5 6 2 1 3 7 4
13 9 5 6 14 10 15 12 11 7 3 4 16 1 8 2
2 1 5 9 4 8 3 7 11 10 14 15 6 16 13 12
10 14 15 16 6 5 2 3 8 12 11 7 4 13 1 9
12 11 10 6 15 16 14 13 9 5 1 2 8 3 7 4
11 15 14 10 9 13 5 1 2 6 7 3 4 16 12 8
13 14 15 16 5 1 6 7 8 12 11 10 9 4 2 3
6 10 9 13 2 1 3 7 11 14 15 16 4 8 12 5
13 14 15 11 9 10 5 1 2 7 3 4 16 8 12 6
14 13 9 10 6 5 2 3 7 11 12 16 15 8 1 4
9 10 6 7 5 1 2 3 4 8 12 16 13 14 15 11
2 1 5 6 7 8 11 15 14 10 9 13 4 3 12 16
7 8 12 11 3 4 2 1 5 10 14 15 13 6 16 9
14 15 11 7 10 9 6 2 3 8 12 16 4 5 1 13
7 3 2 5 11 12 15 14 13 9 10 6 8 4 16 1
9 10 14 15 5 1 6 8 12 11 7 3 16 13 2 4
10 9 5 6 11 15 12 8 7 2 3 4 14 16 1 13
3 7 11 10 4 8 12 16 15 14 13 9 5 2 6 1
10 14 13 9 11 15 12 8 7 6 5 1 4 16 2 3
6 2 3 4 10 9 14 15 12 8 7 11 13 1 5 16
7 6 5 9 8 4 12 15 11 10 14 13 1 2 3 16
3 4 8 12 2 1 6 14 15 11 10 9 7 5 16 13
13 9 5 6 14 10 15 11 8 7 3 2 12 4 1 16