9 13 14 15 5 1 6 7 11 12 8 4 2 3 10 16
12 16 15 14 8 4 7 6 5 9 10 11 3 2 1 13
15 16 12 8 14 10 9 5 6 7 3 4 13 1 2 11
14 13 9 5 15 16 11 3 2 6 7 8 12 4 1 10
15 16 12 11 14 13 10 6 5 7 8 4 9 2 1 3
9 13 14 10 5 1 6 8 12 11 7 3 2 4 16 15
15 16 12 8 14 13 10 6 2 3 7 11 9 5 1 4
14 13 9 5 15 16 11 3 2 6 7 8 12 4 1 10
15 16 12 11 14 13 10 6 7 3 2 1 9 5 8 4
15 16 12 11 14 13 10 2 3 7 6 5 9 1 4 8
16 12 8 7 15 11 14 10 6 2 3 4 13 9 5 1
7 3 4 8 6 2 5 9 10 12 16 15 1 13 14 11
5 1 2 6 9 13 10 11 7 8 12 16 14 15 3 4
8 4 3 7 12 16 11 10 6 5 9 13 15 14 2 1
14 13 9 5 15 16 11 3 2 6 7 8 12 4 1 10
12 16 15 14 8 4 7 6 10 9 5 1 3 2 11 13
3 2 1 5 7 6 8 12 11 10 14 13 4 16 15 9
10 14 15 11 9 13 5 6 7 8 12 16 1 2 3 4
14 13 9 5 11 15 12 8 7 6 2 1 16 4 3 10
10 14 15 11 9 13 5 6 7 8 12 16 1 2 3 4
15 14 13 9 11 10 12 8 7 6 5 1 16 4 3 2
1 5 9 10 2 6 3 7 11 14 15 16 4 8 12 13
14 13 9 5 15 16 11 7 3 6 2 1 12 8 4 10
9 5 1 2 10 6 14 15 11 3 4 8 13 16 12 7
13 14 15 11 9 10 5 6 7 8 12 16 1 2 3 4
2 1 5 9 3 4 7 11 15 14 10 6 8 12 16 13
10 14 15 16 9 13 5 6 7 8 12 11 1 2 3 4
9 13 14 15 5 1 6 8 12 11 7 3 2 4 16 10
9 13 14 10 5 1 6 8 7 11 12 16 2 4 3 15
4 3 2 1 8 7 12 11 10 9 13 14 16 15 6 5
6 5 1 2 10 9 14 15 11 3 7 8 13 16 12 4
1 5 9 10 2 6 3 7 11 15 14 13 4 8 12 16
12 16 15 11 8 4 7 5 9 10 6 2 3 1 13 14
12 8 4 3 11 7 15 14 10 2 1 5 16 13 9 6
7 3 4 8 11 12 15 14 10 6 2 1 16 13 9 5
9 13 14 10 5 1 6 8 12 11 7 3 2 4 16 15
14 13 9 10 15 16 11 3 7 6 5 1 12 4 8 2
15 16 12 8 14 13 10 6 2 3 7 11 9 5 1 4
3 4 8 7 6 2 5 9 10 11 12 16 1 13 14 15
6 5 9 13 2 1 3 7 11 15 14 10 4 8 12 16
13 14 15 16 9 10 5 6 7 12 8 4 1 2 3 11
7 8 12 16 3 4 2 6 10 14 13 9 1 5 11 15
12 16 15 11 7 8 3 2 6 10 14 13 4 1 5 9
5 1 2 3 9 13 10 12 8 7 11 15 14 16 4 6
2 1 5 6 10 9 14 15 11 7 3 4 13 16 12 8
3 4 8 12 2 1 6 14 15 11 10 9 5 13 16 7
9 13 14 10 5 1 6 8 12 11 7 3 2 4 16 15
15 16 12 11 14 13 10 6 2 3 7 8 9 5 1 4
8 4 3 7 12 16 11 9 5 6 10 14 15 13 1 2
12 16 15 14 8 4 7 6 10 9 5 1 3 2 11 13