1 2 3 8 9 10 5 6 7 11 12 16 14 4 15 13
13 9 6 7 15 16 14 10 11 12 8 4 3 2 5 1
9 10 11 12 1 2 5 6 7 8 16 15 3 13 14 4
2 6 10 14 4 8 3 7 11 15 13 9 5 16 12 1
4 8 11 10 2 1 3 7 6 5 9 13 15 16 12 14
9 10 11 12 13 14 5 6 7 8 4 3 2 15 16 1
2 6 10 14 1 5 3 7 11 15 13 9 16 8 12 4
3 7 11 15 1 5 2 6 10 14 16 12 9 4 8 13
8 7 6 5 12 16 11 10 2 1 9 13 4 14 3 15
16 15 14 13 8 7 12 11 10 9 5 1 2 4 3 6
9 10 11 12 13 14 5 6 7 8 4 3 16 1 15 2
1 5 9 14 3 7 2 6 10 11 15 16 8 13 4 12
9 10 11 12 13 14 5 6 7 8 4 3 16 1 15 2
4 12 11 10 3 2 8 7 6 5 9 13 14 15 16 1
13 9 1 2 14 15 10 5 6 7 3 4 8 16 12 11
11 7 3 6 12 16 8 4 2 1 5 9 10 13 14 15
2 6 10 14 1 5 3 7 11 15 16 12 4 8 13 9
11 12 4 3 15 14 16 8 7 6 2 1 10 9 5 13
8 7 6 5 16 15 12 11 10 9 13 14 4 1 2 3
2 6 10 14 3 4 7 11 9 13 15 16 1 8 5 12
13 9 5 2 15 16 14 10 6 7 3 4 11 8 1 12
9 10 11 15 5 1 6 7 12 16 14 13 3 8 4 2
2 6 10 14 3 4 7 5 9 13 15 11 12 8 16 1
3 7 11 15 2 1 6 10 14 16 12 8 5 4 9 13
4 8 6 10 2 1 3 7 11 15 14 13 12 9 16 5
3 7 11 15 1 5 2 6 10 14 16 12 4 9 8 13
8 7 6 5 16 15 12 11 10 9 1 2 3 4 13 14
13 14 15 16 5 1 9 10 11 12 8 7 6 3 4 2
11 7 6 5 12 16 8 3 2 1 9 13 14 15 10 4
14 10 6 2 16 12 15 11 7 3 4 8 1 13 5 9
12 11 10 9 4 3 8 7 6 5 13 14 16 15 1 2
4 3 2 5 12 11 8 7 6 10 9 13 14 15 16 1
13 9 5 2 15 16 14 10 6 7 3 4 11 8 12 1
4 3 2 1 12 16 8 7 6 5 9 10 14 13 15 11
5 6 7 8 13 14 9 10 11 12 4 3 16 1 2 15
2 6 10 14 1 5 3 7 11 15 16 12 13 8 9 4
1 2 3 4 9 13 5 6 7 8 12 16 11 15 14 10
4 3 6 10 12 16 8 7 11 15 14 13 5 9 2 1
1 5 9 14 3 4 2 6 10 11 15 16 7 13 8 12
3 7 11 15 2 1 6 10 14 16 12 8 13 9 4 5
6 5 13 14 2 3 1 9 10 11 15 16 7 4 8 12
16 14 10 6 12 8 15 11 7 3 2 1 9 4 13 5
2 6 10 14 3 4 7 11 15 13 9 5 12 16 1 8
7 8 16 15 3 2 4 12 11 10 14 13 6 9 1 5
1 2 3 4 9 10 5 6 7 8 12 11 15 13 14 16
4 3 2 1 12 16 8 7 6 5 9 13 15 14 11 10
6 10 14 16 5 1 9 13 15 11 12 8 2 3 7 4
8 7 6 5 4 3 12 11 10 9 1 2 13 14 15 16
4 8 12 16 2 6 3 7 11 15 14 10 9 1 5 13
4 3 2 10 12 11 8 7 6 5 9 13 1 15 16 14