13 9 10 6 14 15 16 12 8 7 3 4 5 1 2 11
4 3 7 6 12 8 16 15 14 10 9 13 2 1 5 11
16 15 11 10 12 8 4 3 2 6 5 1 14 13 9 7
13 14 10 11 5 9 1 2 3 7 8 4 15 16 12 6
1 2 6 7 9 5 13 14 15 11 12 16 3 4 8 10
16 15 11 10 12 8 4 3 2 6 5 1 14 13 9 7
13 14 10 11 9 5 1 2 3 7 8 4 15 16 12 6
16 12 11 7 15 14 13 9 5 6 2 1 8 4 3 10
4 8 7 11 3 2 1 5 9 10 14 13 12 16 15 6
4 8 7 11 3 2 1 5 9 10 14 13 12 16 15 6
4 8 7 11 3 2 1 5 9 10 14 13 12 16 15 6
4 3 7 6 12 8 16 15 14 10 9 13 2 1 5 11
4 8 7 11 3 2 1 5 9 10 14 13 12 16 15 6
13 14 10 11 5 9 1 2 3 7 8 4 15 16 12 6
4 8 7 11 3 2 1 5 9 10 14 13 12 16 15 6
1 5 6 10 3 2 4 8 12 11 15 16 9 13 14 7
1 2 6 7 5 9 13 14 15 11 12 16 3 4 8 10
1 2 6 7 9 5 13 14 15 11 12 16 3 4 8 10
4 3 7 6 8 12 16 15 14 10 9 13 2 1 5 11
4 3 7 6 12 8 16 15 14 10 9 13 2 1 5 11
16 15 11 10 12 8 4 3 2 6 5 1 14 13 9 7
4 8 7 11 3 2 1 5 9 10 14 13 12 16 15 6
4 8 7 11 2 3 1 5 9 10 14 13 12 16 15 6
4 8 7 11 2 3 1 5 9 10 14 13 12 16 15 6
4 3 7 6 12 8 16 15 14 10 9 13 2 1 5 11
16 12 11 7 15 14 13 9 5 6 2 1 8 4 3 10
4 3 7 6 8 12 16 15 14 10 9 13 2 1 5 11
13 14 10 11 5 9 1 2 3 7 8 4 15 16 12 6
13 9 10 6 15 14 16 12 8 7 3 4 5 1 2 11
13 9 10 6 14 15 16 12 8 7 3 4 5 1 2 11
1 2 6 7 9 5 13 14 15 11 12 16 3 4 8 10
1 2 6 7 5 9 13 14 15 11 12 16 3 4 8 10
1 2 6 7 9 5 13 14 15 11 12 16 3 4 8 10
13 14 10 11 9 5 1 2 3 7 8 4 15 16 12 6
1 2 6 7 9 5 13 14 15 11 12 16 3 4 8 10
16 15 11 10 8 12 4 3 2 6 5 1 14 13 9 7
13 14 10 11 9 5 1 2 3 7 8 4 15 16 12 6
16 12 11 7 14 15 13 9 5 6 2 1 8 4 3 10
13 14 10 11 9 5 1 2 3 7 8 4 15 16 12 6
4 8 7 11 2 3 1 5 9 10 14 13 12 16 15 6
16 15 11 10 8 12 4 3 2 6 5 1 14 13 9 7
1 5 6 10 3 2 4 8 12 11 15 16 9 13 14 7
13 9 10 6 14 15 16 12 8 7 3 4 5 1 2 11
1 5 6 10 3 2 4 8 12 11 15 16 9 13 14 7
16 15 11 10 12 8 4 3 2 6 5 1 14 13 9 7
16 15 11 10 12 8 4 3 2 6 5 1 14 13 9 7
1 2 6 7 9 5 13 14 15 11 12 16 3 4 8 10
1 2 6 7 5 9 13 14 15 11 12 16 3 4 8 10
16 15 11 10 12 8 4 3 2 6 5 1 14 13 9 7
16 12 11 7 14 15 13 9 5 6 2 1 8 4 3 10