4 8 3 2 6 10 14 15 16 12 11 7 1 5 9 13
6 2 3 7 12 11 15 14 13 9 5 1 4 8 10 16
13 14 10 6 2 3 4 8 12 16 15 11 9 5 1 7
13 9 10 11 15 12 4 3 2 1 5 6 7 14 16 8
11 15 14 10 5 6 2 3 4 8 12 16 13 9 7 1
7 11 16 14 10 9 1 2 3 4 8 12 15 6 13 5
10 11 6 5 9 14 16 12 8 4 3 7 2 1 13 15
1 2 5 10 14 15 12 8 4 3 7 6 9 11 13 16
14 13 5 2 3 7 12 16 15 11 10 9 6 1 4 8
3 4 8 7 6 5 9 13 14 15 16 12 11 2 10 1
8 4 2 5 9 10 15 16 12 11 7 3 1 6 13 14
10 11 12 7 3 1 5 9 13 14 15 16 8 4 2 6
7 3 2 6 10 9 14 15 16 12 8 4 1 11 5 13
16 15 11 7 4 2 1 5 9 13 14 10 12 8 3 6
6 10 12 8 7 2 5 9 13 14 15 11 16 4 3 1
13 9 10 7 6 2 4 8 12 16 15 14 11 5 1 3
8 4 2 5 13 15 12 11 10 6 7 3 1 9 14 16
1 2 4 12 15 14 13 9 5 6 7 3 8 16 11 10
6 2 3 8 12 15 10 14 13 9 5 1 4 7 16 11
16 15 14 10 5 2 7 3 4 8 12 11 13 9 1 6
1 5 6 7 3 8 16 15 14 13 9 10 11 2 4 12
4 3 2 5 10 14 15 16 12 8 7 6 1 9 11 13
4 3 7 12 15 14 13 9 5 1 2 6 8 16 11 10
7 6 3 8 16 15 14 10 9 5 1 2 4 12 11 13
1 5 9 14 11 12 8 7 3 2 6 10 13 15 16 4
16 15 13 5 2 4 12 11 7 6 10 14 9 1 3 8
2 1 5 7 4 12 15 11 10 14 13 9 6 3 8 16
1 2 7 4 12 11 15 14 13 9 5 6 3 8 16 10
16 15 10 13 5 6 7 3 4 8 12 11 14 9 1 2
16 15 14 9 1 6 3 4 8 12 11 10 13 5 2 7
7 11 16 14 9 5 6 2 3 4 8 12 15 13 1 10
1 5 9 14 11 15 12 8 4 3 2 6 13 10 7 16
11 7 6 9 14 16 8 4 3 2 1 5 10 13 15 12
16 15 11 8 3 6 2 1 5 9 13 14 12 4 7 10
10 9 13 15 11 7 8 4 3 2 1 5 14 16 12 6
4 3 7 12 15 10 14 13 9 5 1 2 8 16 11 6
7 11 12 15 10 9 5 1 2 3 4 8 16 14 6 13
13 14 9 1 3 8 16 15 11 7 6 10 5 2 4 12
11 7 6 1 3 8 16 15 14 13 9 10 5 2 4 12
4 3 8 16 15 13 9 5 1 2 6 7 12 11 14 10
16 15 11 8 3 1 9 13 14 10 6 7 12 4 2 5
15 16 12 4 2 5 13 14 10 6 7 11 8 3 1 9
11 10 6 3 8 16 14 13 9 5 1 2 7 4 12 15
12 16 15 13 10 6 2 3 4 8 7 11 14 9 5 1
13 9 10 6 11 16 8 4 3 2 1 5 14 7 15 12
13 14 15 10 5 6 2 3 4 8 12 16 11 9 1 7
4 3 2 5 13 14 15 16 12 8 7 6 1 9 10 11
4 3 7 12 11 10 14 13 9 5 1 2 8 16 6 15
16 12 11 7 10 9 5 1 2 3 4 8 15 6 14 13
7 6 14 9 1 3 8 12 16 15 11 10 13 5 2 4