11 15 16 12 8 4 3 7 6 5 14 2 1 10 9 13
6 7 3 2 1 5 9 10 11 15 12 14 16 13 8 4
5 1 2 6 10 9 13 14 15 16 7 4 12 3 11 8
13 14 10 6 5 1 2 3 7 8 15 4 12 16 11 9
3 7 6 5 9 10 14 15 11 12 2 1 4 16 8 13
8 7 3 2 6 10 9 13 14 15 5 11 4 12 1 16
9 10 11 7 8 12 16 15 14 13 2 1 6 4 5 3
5 1 2 6 7 11 15 16 12 8 4 9 13 10 3 14
12 16 15 14 10 11 7 8 4 3 2 5 13 6 1 9
4 3 7 8 12 11 10 6 5 9 14 13 1 15 2 16
5 1 2 3 7 6 10 9 13 14 16 8 15 4 12 11
5 9 13 14 10 6 7 11 15 16 4 2 8 1 3 12
11 10 6 7 3 4 8 12 16 15 13 5 14 9 1 2
4 8 7 3 2 6 10 9 5 1 15 13 16 14 11 12
16 15 14 10 11 7 3 2 6 5 1 4 8 13 9 12
1 2 6 10 14 15 11 7 3 4 13 16 9 12 8 5
3 7 6 2 1 5 9 10 11 15 16 8 13 4 12 14
4 8 12 16 15 14 13 9 5 1 7 10 6 2 11 3
8 12 16 15 14 10 11 7 6 5 1 13 2 4 3 9
14 10 9 5 6 2 3 7 8 12 4 15 11 16 13 1
4 3 2 6 7 11 10 9 5 1 15 16 8 13 14 12
10 11 7 6 2 3 4 8 12 16 1 5 15 9 13 14
10 11 12 16 15 14 13 9 5 6 8 3 1 7 4 2
3 4 8 12 11 7 6 10 14 13 15 16 2 1 5 9
1 2 6 7 11 12 16 15 14 10 4 9 3 8 13 5
9 5 6 7 11 10 14 15 16 12 8 13 3 4 2 1
13 14 15 16 12 11 10 9 5 1 7 4 6 8 3 2
7 11 12 8 4 3 2 6 5 1 10 15 14 9 16 13
14 13 9 5 1 2 3 7 6 10 11 8 16 4 12 15
5 1 2 6 7 11 12 16 15 14 3 13 10 8 9 4
2 1 5 6 7 8 12 11 15 16 14 9 4 3 10 13
12 11 10 14 13 9 5 1 2 3 8 15 7 6 4 16
16 12 8 4 3 2 6 5 9 13 10 7 11 14 15 1
13 14 15 11 10 9 5 6 2 1 16 4 12 7 8 3
16 15 11 12 8 4 3 7 6 10 14 1 2 9 13 5
16 12 8 4 3 7 6 10 9 13 11 1 2 5 15 14
15 14 13 9 5 6 7 8 12 16 11 10 2 4 1 3
13 9 10 14 15 16 12 11 7 3 2 4 1 5 6 8
8 4 3 7 6 10 11 15 16 12 13 9 5 2 14 1
13 9 10 11 7 3 2 1 5 6 4 8 14 16 15 12
11 15 14 10 9 5 6 2 3 7 4 16 1 13 8 12
10 11 12 8 4 3 7 6 2 1 14 15 5 13 9 16
12 8 4 3 7 11 15 14 10 9 6 5 1 16 2 13
7 11 15 16 12 8 4 3 2 1 5 13 6 10 14 9
6 7 8 12 16 15 14 10 9 13 1 2 4 5 11 3
9 13 14 10 11 7 6 5 1 2 16 8 3 4 15 12
12 8 4 3 7 6 2 1 5 9 10 14 11 16 15 13
8 4 3 7 11 10 9 5 1 2 13 15 12 14 16 6
10 9 13 14 15 16 12 8 7 3 11 5 6 2 1 4
1 5 6 10 9 13 14 15 16 12 7 2 4 3 8 11