5 1 2 6 7 11 10 9 13 14 15 16 12 8 4 3
7 8 4 3 2 1 5 9 13 14 15 16 12 11 10 6
4 8 7 3 2 1 5 6 10 11 12 16 15 14 13 9
12 11 10 6 7 8 4 3 2 1 5 9 13 14 15 16
15 16 12 8 4 3 7 6 2 1 5 9 13 14 10 11
11 10 6 7 3 2 1 5 9 13 14 15 16 12 8 4
1 5 9 13 14 15 16 12 11 10 6 2 3 4 8 7
1 5 9 13 14 15 16 12 8 7 11 10 6 2 3 4
2 6 10 11 7 3 4 8 12 16 15 14 13 9 5 1
8 12 16 15 11 10 14 13 9 5 1 2 6 7 3 4
2 1 5 6 10 11 7 3 4 8 12 16 15 14 13 9
4 8 7 3 2 1 5 6 10 9 13 14 15 11 12 16
13 14 10 9 5 1 2 6 7 3 4 8 12 16 15 11
3 4 8 7 11 12 16 15 14 13 9 5 1 2 6 10
16 15 14 13 9 5 1 2 6 10 11 7 3 4 8 12
2 1 5 9 13 14 10 6 7 11 15 16 12 8 4 3
13 9 5 1 2 3 4 8 7 6 10 14 15 11 12 16
13 9 10 11 7 6 5 1 2 3 4 8 12 16 15 14
14 13 9 10 6 7 11 15 16 12 8 4 3 2 1 5
3 4 8 12 16 15 11 7 6 2 1 5 9 10 14 13
14 13 9 5 1 2 6 7 3 4 8 12 16 15 11 10
6 10 11 12 16 15 14 13 9 5 1 2 3 4 8 7
11 7 3 4 8 12 16 15 14 10 6 2 1 5 9 13
5 1 2 6 7 3 4 8 12 16 15 14 13 9 10 11
12 16 15 11 10 14 13 9 5 1 2 6 7 8 4 3
1 2 6 10 11 7 3 4 8 12 16 15 14 13 9 5
14 13 9 5 1 2 3 4 8 7 6 10 11 12 16 15
16 15 14 13 9 5 1 2 6 10 11 12 8 4 3 7
11 7 3 2 1 5 6 10 9 13 14 15 16 12 8 4
8 4 3 7 6 2 1 5 9 13 14 15 16 12 11 10
4 8 12 16 15 11 10 14 13 9 5 1 2 6 7 3
15 16 12 8 4 3 7 11 10 6 2 1 5 9 13 14
8 12 16 15 11 10 14 13 9 5 1 2 6 7 3 4
13 9 5 1 2 6 10 14 15 16 12 11 7 8 4 3
11 12 16 15 14 13 9 10 6 5 1 2 3 7 8 4
16 12 8 4 3 7 6 2 1 5 9 10 11 15 14 13
13 14 10 11 15 16 12 8 4 3 7 6 2 1 5 9
2 1 5 9 13 14 15 16 12 8 4 3 7 6 10 11
10 11 12 16 15 14 13 9 5 1 2 6 7 8 4 3
1 2 3 4 8 7 11 12 16 15 14 13 9 5 6 10
13 9 5 1 2 6 10 11 7 3 4 8 12 16 15 14
12 16 15 11 10 14 13 9 5 1 2 6 7 8 4 3
11 10 6 2 1 5 9 13 14 15 16 12 8 7 3 4
7 11 15 16 12 8 4 3 2 1 5 6 10 9 13 14
16 12 8 4 3 7 11 15 14 10 6 2 1 5 9 13
10 6 2 1 5 9 13 14 15 11 7 3 4 8 12 16
1 5 9 13 14 10 11 15 16 12 8 4 3 2 6 7
6 2 1 5 9 13 14 10 11 7 3 4 8 12 16 15
2 1 5 9 13 14 15 16 12 11 10 6 7 3 4 8
11 7 6 5 1 2 3 4 8 12 16 15 14 13 9 10