1 2 6 10 14 15 16 12 8 4 7 3 5 9 13 11
11 7 3 2 6 9 10 14 15 16 12 8 4 1 5 13
16 12 8 7 10 14 13 9 5 1 2 11 4 3 6 15
1 2 6 7 8 12 15 14 13 9 10 3 5 11 4 16
10 9 5 6 7 11 15 16 12 8 4 13 1 2 3 14
14 10 9 5 6 7 15 16 12 8 4 11 13 1 2 3
1 2 6 7 8 12 16 15 14 13 9 3 5 11 4 10
1 2 6 10 14 15 11 7 8 4 12 3 5 9 13 16
2 6 7 8 12 15 14 13 9 5 1 10 3 4 11 16
7 8 12 11 14 10 6 5 1 2 3 4 16 15 13 9
8 7 3 2 5 9 10 14 15 16 12 11 4 1 6 13
7 3 4 12 11 10 14 13 9 5 1 2 8 16 15 6
14 10 9 6 2 3 7 8 12 16 15 11 13 5 1 4
14 10 9 5 7 3 4 8 12 16 15 11 13 1 6 2
15 14 10 6 11 12 8 4 3 2 1 13 9 5 7 16
2 1 6 10 14 15 16 12 8 4 3 5 7 9 13 11
10 11 12 8 7 6 14 13 9 5 1 15 16 4 3 2
10 11 7 3 1 5 9 13 14 15 16 12 8 4 2 6
14 10 9 5 6 7 3 4 8 12 16 11 13 1 2 15
13 14 15 11 7 4 3 2 1 5 9 10 16 12 6 8
15 14 10 6 2 7 3 4 8 12 16 13 9 5 1 11
1 2 6 10 14 16 15 11 7 8 4 3 5 9 13 12
8 12 11 6 10 9 5 1 2 3 4 16 15 7 14 13
15 14 10 11 12 4 3 2 1 5 6 13 9 7 16 8
2 3 7 8 11 15 14 13 9 5 1 4 6 12 10 16
5 9 10 6 2 3 4 8 12 16 15 13 14 7 1 11
16 14 10 11 7 3 2 1 5 9 13 15 6 12 8 4
7 11 10 9 5 6 3 4 8 12 16 15 14 13 1 2
6 10 11 12 8 7 2 1 5 9 13 14 15 16 4 3
13 14 15 11 7 3 2 6 9 5 1 10 16 12 8 4
9 10 6 2 3 7 11 12 16 15 14 13 5 1 4 8
16 15 14 10 6 7 8 4 3 2 1 12 13 9 5 11
12 8 7 6 5 9 10 11 16 15 14 4 3 2 1 13
12 11 7 3 2 1 9 13 14 15 16 10 8 4 6 5
11 10 9 1 2 3 4 8 12 16 15 14 13 5 6 7
16 12 8 7 6 5 9 13 15 14 10 11 4 3 2 1
7 15 11 10 9 5 6 2 3 4 8 16 12 14 13 1
16 15 11 8 7 3 2 1 5 9 13 14 10 12 6 4
7 6 10 14 15 16 8 4 3 2 1 5 9 13 11 12
16 12 11 7 3 2 6 10 14 13 9 8 15 5 4 1
1 5 6 10 14 15 11 7 3 4 8 9 2 12 13 16
6 5 9 10 11 16 12 8 4 3 2 1 13 14 7 15
9 10 6 2 3 4 12 16 15 14 13 11 5 1 7 8
15 11 12 8 6 2 1 5 9 13 14 10 16 4 7 3
13 14 15 11 7 6 5 1 2 3 4 10 16 12 8 9
12 8 7 11 6 5 9 13 14 15 16 4 3 10 2 1
8 12 11 7 3 2 10 14 13 9 5 16 15 6 4 1
7 6 2 10 14 15 16 12 8 4 3 5 1 9 13 11
5 6 10 14 15 16 8 4 3 2 1 7 9 13 11 12
4 3 7 6 5 9 13 14 15 16 12 2 8 11 1 10