2 1 5 9 13 14 15 16 12 7 6 11 10 3 8 4
3 4 8 12 16 15 14 13 9 6 7 5 1 2 11 10
1 2 3 4 8 12 16 15 14 10 7 11 6 9 5 13
9 13 14 15 16 12 8 4 3 6 2 5 1 10 7 11
16 15 14 13 9 5 1 2 3 7 10 11 6 8 4 12
12 16 15 14 13 9 5 1 2 7 8 10 11 6 3 4
16 12 8 4 3 2 1 5 9 10 7 14 6 13 15 11
16 15 14 13 9 5 1 2 3 7 6 10 12 4 8 11
14 13 9 5 1 2 3 4 8 11 7 10 16 15 12 6
5 1 2 3 4 8 12 16 15 10 11 13 14 9 7 6
4 8 12 16 15 14 13 9 5 6 1 10 3 7 2 11
15 16 12 8 4 3 2 1 5 10 13 9 6 7 11 14
2 1 5 9 13 14 15 16 12 7 4 6 3 8 10 11
15 16 12 8 4 3 2 1 5 10 13 6 9 14 11 7
1 5 9 13 14 15 16 12 8 7 3 2 4 10 6 11
9 13 14 15 16 12 8 4 3 6 10 1 11 7 5 2
8 4 3 2 1 5 9 13 14 11 12 15 7 16 6 10
5 1 2 3 4 8 12 16 15 10 6 7 11 14 13 9
4 8 12 16 15 14 13 9 10 6 11 5 2 3 7 1
5 1 2 3 4 8 12 16 15 10 9 13 14 6 11 7
8 4 3 2 1 5 9 13 14 11 16 15 7 10 6 12
8 4 3 2 1 5 9 13 14 11 7 15 10 12 16 6
12 16 15 14 13 9 5 1 2 7 3 8 11 10 4 6
15 16 12 8 4 3 2 1 5 10 7 9 13 11 6 14
8 4 3 2 1 5 9 13 14 11 7 16 15 10 6 12
9 13 14 15 16 12 8 4 3 6 10 2 1 7 5 11
13 9 5 1 2 3 4 8 7 11 15 6 12 14 16 10
13 9 5 1 2 3 4 8 7 11 14 15 10 12 6 16
5 1 2 3 4 8 12 16 15 10 13 7 14 6 11 9
1 2 3 4 8 12 16 15 11 10 14 13 5 9 7 6
13 9 5 1 2 3 4 8 12 11 15 14 6 7 10 16
13 14 15 16 12 8 4 3 2 6 11 5 10 7 9 1
14 13 9 5 1 2 3 4 8 11 7 15 10 16 12 6
14 13 9 5 1 2 3 4 8 11 16 6 12 15 10 7
14 13 9 5 1 2 3 4 8 11 7 16 10 12 15 6
15 16 12 8 4 3 2 1 5 10 9 13 14 11 6 7
3 4 8 12 16 15 14 13 9 6 11 2 5 1 7 10
14 13 9 5 1 2 3 4 8 11 16 7 6 15 10 12
9 13 14 15 16 12 8 4 3 6 1 11 5 7 10 2
1 5 9 13 14 15 16 12 11 7 10 8 2 3 4 6
14 13 9 5 1 2 3 4 8 11 16 15 12 7 6 10
4 8 12 16 15 14 13 9 10 6 1 2 3 5 7 11
13 9 5 1 2 3 4 8 7 11 14 15 16 6 10 12
9 13 14 15 16 12 8 4 3 6 11 7 2 1 5 10
12 16 15 14 13 9 5 1 2 7 3 8 6 4 11 10
2 1 5 9 13 14 15 16 12 7 6 3 4 8 10 11
16 12 8 4 3 2 1 5 9 10 11 14 15 13 7 6
16 15 14 13 9 5 1 2 3 7 12 6 11 10 8 4
13 9 5 1 2 3 4 8 7 11 15 14 10 16 12 6
12 16 15 14 13 9 5 1 2 7 8 4 3 11 10 6