10 11 9 12 15 5 13 14 1 16 8 2 6 4 7 3
6 10 7 14 9 11 3 4 15 13 12 1 16 5 8 2
11 7 10 3 6 9 14 15 5 4 16 2 13 12 8 1
5 9 6 10 13 7 2 1 8 11 16 12 14 4 15 3
6 7 5 8 3 1 9 13 2 12 4 14 16 10 15 11
10 9 6 13 5 7 2 1 11 14 16 12 3 4 15 8
10 11 6 12 15 7 2 1 3 16 13 5 4 14 9 8
11 7 15 6 3 14 16 12 13 10 2 1 9 5 8 4
11 12 7 8 16 6 3 2 5 4 10 14 9 1 13 15
9 10 5 11 14 6 1 2 7 15 3 13 16 8 12 4
11 12 10 8 16 14 9 13 15 7 1 2 4 6 5 3
6 5 10 1 9 14 11 12 13 2 3 4 16 7 15 8
11 7 10 6 8 14 9 5 15 2 12 16 4 1 3 13
10 9 6 13 5 2 7 3 1 14 12 15 16 8 4 11
12 8 11 7 4 15 10 9 14 3 2 5 1 13 16 6
6 5 7 1 9 11 8 4 10 2 13 14 16 3 15 12
8 7 12 3 6 11 16 15 10 4 13 1 5 2 9 14
6 7 10 3 8 9 11 12 13 2 14 4 1 5 16 15
11 7 10 3 8 9 6 2 13 4 5 1 14 12 16 15
5 6 9 7 2 13 10 11 14 8 1 4 12 16 3 15
11 15 7 14 16 6 3 2 10 13 12 4 8 1 5 9
10 6 14 7 5 13 15 11 9 8 12 4 1 2 3 16
11 7 15 6 8 16 14 10 12 5 1 4 13 3 2 9
7 3 11 2 4 10 12 8 9 6 1 16 14 13 5 15
7 8 6 12 4 2 10 14 3 16 1 11 9 5 13 15
10 6 14 7 2 13 15 11 9 3 12 1 4 5 8 16
6 10 7 14 9 3 11 12 4 15 1 5 2 13 8 16
7 8 6 12 4 2 10 14 1 11 13 15 5 16 3 9
10 11 9 7 12 13 5 6 14 8 3 4 16 2 15 1
7 3 11 2 4 15 12 8 14 1 10 9 16 5 13 6
15 14 11 10 13 12 7 3 16 6 8 4 1 5 9 2
6 10 7 11 14 3 8 12 2 15 9 1 16 4 13 5
6 5 7 9 1 3 8 4 2 10 16 12 11 14 13 15
10 6 11 5 2 15 7 3 14 9 12 1 16 13 8 4
6 10 5 11 14 9 1 2 13 12 7 8 3 16 15 4
2 3 6 4 7 5 10 11 9 8 13 16 15 1 14 12
10 9 6 13 5 2 7 8 1 14 15 12 11 16 4 3
7 3 11 4 2 10 15 14 9 8 6 16 1 13 5 12
11 10 7 14 9 3 8 4 2 15 5 12 13 6 16 1
7 6 3 5 10 4 2 1 8 9 11 13 15 16 12 14
6 10 5 14 11 9 1 2 13 15 12 4 3 16 7 8
6 10 2 11 9 3 1 5 4 7 16 13 15 8 14 12
6 5 7 9 1 11 3 2 10 13 16 8 14 12 15 4
5 9 6 13 10 7 2 3 11 14 15 4 16 8 1 12
2 3 6 7 4 5 10 14 9 11 13 12 8 15 1 16
6 10 5 11 14 1 9 13 2 15 16 3 7 4 12 8
7 6 11 2 5 15 10 14 16 3 8 4 12 13 9 1
5 9 6 10 13 2 7 3 1 11 15 12 8 4 16 14
3 7 2 8 11 6 1 5 10 4 16 15 14 13 12 9
10 9 11 13 5 7 12 16 8 14 3 1 4 15 2 6