7 11 3 15 10 4 2 1 8 14 9 13 6 12 16 5
11 10 7 14 6 8 3 2 12 13 5 9 4 16 15 1
14 15 10 16 11 9 6 2 5 12 7 8 4 1 13 3
10 6 11 5 7 12 15 14 8 1 3 2 9 4 16 13
11 10 12 6 9 16 8 7 15 2 5 1 4 14 13 3
7 6 8 10 5 12 4 3 11 14 9 13 16 15 1 2
6 10 2 11 14 3 1 5 7 12 15 16 13 8 4 9
5 6 9 2 7 10 13 14 11 3 8 4 1 12 16 15
11 10 7 14 6 8 3 2 12 13 5 9 4 16 15 1
10 6 14 7 2 13 15 16 9 8 3 4 11 5 1 12
10 6 11 5 7 15 12 8 14 1 3 2 16 13 9 4
10 11 9 12 7 5 13 14 1 8 3 4 6 2 16 15
6 10 2 14 11 3 1 5 7 15 12 16 4 8 13 9
3 2 7 6 1 8 11 15 12 10 5 9 13 16 4 14
5 9 6 10 13 7 2 3 8 11 14 15 16 12 1 4
6 10 7 9 11 8 3 2 12 13 15 14 4 16 5 1
6 7 10 11 3 9 14 15 5 12 4 8 13 1 2 16
6 7 5 11 8 9 1 2 10 15 12 16 13 14 4 3
10 6 14 2 7 15 13 9 11 3 8 4 16 12 1 5
15 14 11 13 10 12 7 3 8 9 6 5 16 4 1 2
9 5 10 6 1 11 14 15 12 7 2 3 4 8 13 16
6 7 5 8 11 1 9 13 2 12 15 16 4 3 10 14
9 10 5 11 14 6 1 2 7 12 15 16 4 8 13 3
3 7 2 8 11 1 6 10 5 12 15 16 4 9 13 14
3 2 7 1 6 8 11 15 12 5 10 9 13 16 4 14
11 7 10 8 6 14 9 5 15 4 2 3 13 16 12 1
11 7 15 3 6 16 14 10 12 2 5 1 13 8 4 9
7 11 6 12 10 2 5 9 3 16 14 15 8 4 1 13
11 10 12 9 6 16 8 7 15 5 2 1 4 14 13 3
6 10 2 11 14 3 1 5 4 12 15 16 13 8 7 9
6 10 7 11 9 8 3 2 12 15 13 14 4 16 5 1
14 15 10 16 11 9 6 2 5 12 7 8 13 1 4 3
14 15 10 11 16 6 9 5 2 7 12 8 4 3 13 1
11 7 10 8 6 9 14 15 5 4 2 3 13 1 12 16
14 10 15 6 9 16 11 7 12 2 5 1 4 8 13 3
12 11 8 10 15 4 7 6 3 9 14 13 16 2 1 5
6 7 5 8 11 1 9 13 2 12 15 16 10 3 4 14
6 10 7 11 9 3 8 12 2 15 13 14 5 1 4 16
11 10 7 14 6 8 3 2 12 13 5 9 4 16 15 1
6 7 10 11 3 9 14 15 5 12 4 8 2 1 13 16
6 7 5 11 8 1 9 13 2 15 12 16 10 3 4 14
11 7 15 3 6 14 16 12 13 2 5 1 10 9 4 8
14 15 10 11 16 9 6 2 5 7 12 8 4 1 13 3
7 11 3 15 10 2 4 8 6 14 9 13 16 5 1 12
7 6 8 10 5 12 4 3 16 14 9 13 1 15 11 2
2 6 3 10 5 7 4 8 11 14 9 13 1 15 16 12
11 7 15 6 3 16 14 13 12 5 2 1 10 8 4 9
11 7 10 8 6 14 9 5 15 4 2 3 13 16 12 1
10 11 6 15 7 5 2 3 9 16 8 12 1 13 14 4
12 8 11 4 7 15 10 9 14 3 6 2 16 13 1 5