7 11 6 10 16 5 2 3 9 13 14 15 12 4 1 8
7 11 6 10 15 8 5 1 12 9 2 16 14 13 4 3
10 6 11 2 7 15 9 5 12 1 4 8 3 13 16 14
9 10 6 14 11 7 2 1 8 13 16 15 12 4 3 5
10 9 7 5 13 3 12 16 4 1 6 15 14 8 2 11
6 10 7 15 9 3 11 12 4 14 16 13 5 8 1 2
7 11 6 14 12 2 5 13 3 15 10 8 16 9 1 4
14 6 10 3 5 11 12 8 15 4 2 9 1 16 7 13
10 6 11 2 5 8 15 14 7 3 1 9 13 16 4 12
15 11 7 12 9 6 3 4 5 16 8 13 1 2 10 14
15 7 11 6 3 12 9 13 8 5 1 4 2 10 16 14
7 6 11 8 2 15 9 13 14 4 12 1 10 5 16 3
11 7 10 2 8 15 9 5 14 1 6 4 12 13 16 3
10 11 6 15 7 2 5 13 4 16 14 3 8 9 1 12
14 10 6 11 9 2 8 4 1 7 16 13 5 12 3 15
14 10 6 9 11 8 2 3 4 5 13 7 16 1 12 15
11 10 7 6 9 12 3 4 8 14 2 5 13 1 16 15
6 10 7 14 9 3 8 12 4 15 16 1 13 11 2 5
6 10 7 12 14 5 3 2 9 8 16 15 13 4 1 11
6 7 5 8 11 13 1 3 9 12 4 15 16 2 14 10
7 6 11 2 8 10 15 16 13 1 5 4 12 14 9 3
6 7 10 8 11 13 2 1 14 12 4 15 16 3 9 5
7 6 15 5 3 11 14 16 12 9 1 4 2 13 10 8
7 11 6 12 14 5 2 1 13 4 16 10 15 3 9 8
10 11 6 12 14 2 7 5 4 8 16 15 13 3 1 9
5 7 9 3 12 10 13 15 6 4 2 16 8 14 11 1
11 10 7 14 6 3 12 16 4 13 15 1 5 8 2 9
10 6 11 5 2 15 7 4 14 13 9 3 1 8 16 12
10 14 7 15 13 8 2 3 4 11 16 5 9 1 12 6
7 8 6 4 12 10 5 1 14 2 3 16 15 13 9 11
7 11 6 12 10 2 14 13 1 16 4 9 5 15 3 8
6 10 7 14 9 8 3 1 12 16 15 13 5 2 4 11
6 10 7 14 15 3 8 4 2 13 9 11 16 12 1 5
7 11 6 12 9 14 2 1 10 8 16 5 13 4 15 3
6 10 7 14 11 5 4 8 9 15 13 12 16 3 1 2
7 11 6 10 15 8 2 3 4 14 9 13 16 1 12 5
6 7 10 2 8 14 15 11 13 3 1 12 4 16 9 5
7 6 11 2 8 15 10 13 16 1 5 4 12 9 14 3
10 9 11 5 13 12 3 4 16 1 6 14 15 2 8 7
15 7 11 3 6 10 12 8 9 4 1 2 5 16 14 13
11 10 3 15 9 4 2 1 8 14 16 13 5 6 12 7
7 10 11 9 2 12 15 14 4 5 13 3 1 16 8 6
11 7 9 3 12 5 13 15 1 2 4 16 8 14 6 10
11 6 7 5 2 8 15 14 12 9 13 3 1 16 4 10
11 7 10 3 15 6 9 5 8 1 4 16 14 13 2 12
10 14 6 13 16 7 2 1 8 5 9 15 12 3 4 11
11 10 7 15 9 3 6 8 4 16 14 13 5 1 2 12
12 11 10 15 7 9 2 1 13 16 14 6 8 3 5 4
10 11 9 12 7 5 13 14 6 4 16 3 8 15 1 2
6 10 11 9 14 12 3 4 8 5 1 13 15 7 16 2