11 15 7 14 12 5 3 2 1 10 6 16 8 4 9 13
7 3 11 2 8 10 15 16 9 6 5 4 12 14 13 1
7 3 11 2 8 15 9 13 16 1 10 4 12 5 14 6
7 8 6 16 3 5 10 14 13 12 11 4 2 9 1 15
7 8 6 12 3 10 5 9 13 11 15 4 2 1 14 16
10 11 6 15 8 2 5 1 4 16 14 12 7 9 3 13
7 6 11 2 9 12 14 15 8 1 4 5 10 13 16 3
7 11 6 12 14 2 9 13 4 16 3 15 10 5 1 8
6 7 10 3 12 9 15 16 13 1 2 8 11 14 5 4
10 9 11 1 14 12 7 8 4 2 6 13 15 3 16 5
7 8 6 12 3 10 5 13 14 11 15 4 2 1 9 16
11 15 7 14 12 6 3 2 5 10 9 16 8 4 1 13
10 6 11 5 3 15 8 4 14 1 9 2 7 12 16 13
7 6 11 2 9 14 12 16 13 3 8 5 10 4 15 1
11 15 7 14 12 5 3 2 1 13 6 16 8 4 9 10
11 12 10 8 15 9 2 3 5 4 7 16 14 1 13 6
11 7 10 8 2 14 5 9 16 12 15 3 6 1 13 4
11 12 10 8 15 2 9 13 1 7 6 16 14 5 3 4
10 6 11 5 3 12 15 14 4 9 13 2 7 16 8 1
7 6 11 2 14 9 12 16 5 1 8 10 15 4 13 3
6 2 10 3 5 11 14 13 15 7 8 1 9 16 12 4
10 9 11 1 14 3 12 16 7 5 6 13 15 8 4 2
11 15 7 14 12 3 6 2 1 13 9 16 8 5 4 10
6 5 7 13 2 8 11 16 12 14 10 1 3 15 4 9
6 5 7 9 2 8 15 14 12 13 11 1 3 16 4 10
7 3 11 2 8 15 9 5 14 6 10 4 12 13 16 1
11 12 10 4 15 6 9 1 2 8 7 16 14 13 5 3
11 7 10 8 2 14 5 9 13 4 12 3 6 1 15 16
7 3 11 2 8 15 10 14 16 6 5 4 12 9 13 1
10 14 6 15 9 7 2 1 3 11 12 13 5 4 8 16
7 3 11 2 8 9 15 14 10 1 5 4 12 16 13 6
10 9 11 5 14 12 7 3 16 6 2 13 15 4 8 1
6 7 10 3 12 14 9 5 16 4 1 8 11 13 15 2
11 12 10 8 15 6 9 5 2 7 3 16 14 13 1 4
10 9 11 5 14 3 12 8 4 1 7 13 15 16 2 6
6 7 10 3 12 9 15 14 5 2 1 8 11 16 13 4
10 6 11 5 3 8 15 16 12 9 13 2 7 14 4 1
7 6 11 2 9 14 12 16 13 3 8 5 10 4 15 1
6 10 7 9 15 12 3 2 8 13 1 14 11 4 16 5
7 8 6 12 3 14 5 9 13 11 10 4 2 1 15 16
7 11 6 12 9 2 14 13 1 8 3 10 5 15 4 16
11 7 10 8 2 5 14 13 9 4 16 3 6 15 1 12
7 11 6 12 9 2 14 13 3 4 8 10 5 15 1 16
7 3 11 2 8 15 9 13 16 1 10 4 12 5 14 6
10 9 11 5 14 7 12 16 3 1 2 13 15 4 8 6
6 10 7 9 15 8 3 4 12 13 1 14 11 2 16 5
10 9 11 5 14 12 7 3 16 2 6 13 15 4 8 1
10 11 6 15 3 5 8 4 1 16 13 7 2 12 9 14
11 7 10 8 2 14 5 1 13 4 15 3 6 9 16 12
7 8 6 12 3 5 14 13 9 16 10 4 2 15 1 11