7 6 11 2 5 14 12 16 15 3 4 1 9 8 10 13
11 10 7 14 6 3 8 16 4 13 15 2 5 12 1 9
11 10 12 9 6 4 16 14 8 13 5 2 7 15 3 1
3 7 11 8 6 15 9 10 16 12 4 2 5 13 14 1
6 10 7 9 2 11 8 4 15 13 5 1 3 16 12 14
11 7 10 8 5 14 2 3 13 12 4 6 9 1 15 16
11 10 7 9 14 8 3 2 4 13 5 15 6 1 12 16
10 14 6 15 13 2 7 11 1 12 16 9 5 8 3 4
10 11 6 7 15 2 5 9 1 4 8 16 14 13 3 12
6 7 10 11 8 2 9 5 1 15 12 4 16 13 3 14
10 6 11 3 5 15 12 16 7 4 2 1 9 8 14 13
7 6 11 8 2 15 10 13 16 12 4 3 1 9 14 5
6 5 7 13 2 8 11 15 4 14 9 3 1 10 12 16
11 10 7 9 14 2 8 4 3 5 1 15 13 12 6 16
10 9 11 14 5 12 3 4 8 15 13 1 6 2 16 7
15 7 11 6 3 12 10 9 16 5 2 1 4 14 8 13
10 6 11 2 7 15 9 13 16 1 4 8 3 5 14 12
5 6 7 10 2 8 15 16 4 9 11 1 3 14 12 13
14 10 6 11 9 7 2 1 8 12 15 5 13 4 3 16
11 10 7 9 2 15 8 12 16 5 13 1 6 4 14 3
6 7 10 12 3 14 9 13 11 8 16 4 2 5 15 1
7 6 11 5 3 12 14 15 8 9 1 4 2 10 16 13
15 11 7 12 10 5 3 2 1 16 8 6 14 4 9 13
11 10 12 9 2 8 15 16 4 13 5 6 1 14 7 3
7 11 6 15 12 10 2 3 9 16 13 8 4 1 14 5
10 11 6 15 12 2 9 13 3 7 14 16 8 5 1 4
6 7 10 3 8 9 14 13 1 11 2 12 4 15 5 16
6 10 7 12 9 15 3 4 14 8 16 5 13 2 11 1
10 6 14 2 8 15 13 5 16 3 1 12 4 9 11 7
8 7 6 3 11 5 14 15 1 2 4 12 10 13 9 16
7 11 6 10 12 2 9 5 3 14 15 8 16 13 1 4
7 6 11 9 2 15 8 4 14 13 5 1 3 12 16 10
10 6 14 2 7 13 15 11 5 3 1 8 12 16 9 4
6 7 5 8 11 1 9 10 3 4 16 15 12 13 2 14
6 10 2 14 12 3 1 5 7 15 13 16 11 9 4 8
7 6 11 3 5 10 12 8 14 4 2 1 13 16 9 15
10 6 11 9 2 7 15 16 8 13 5 3 1 14 12 4
7 6 11 2 5 15 12 16 13 3 4 1 9 8 14 10
6 5 7 2 9 11 8 4 15 1 3 13 14 12 10 16
11 10 7 14 2 8 6 5 4 15 13 1 3 9 12 16
11 7 10 5 8 14 2 6 13 1 9 4 12 3 15 16
11 7 10 8 15 6 9 13 2 12 4 16 14 1 5 3
11 7 10 3 8 9 15 14 13 1 2 4 12 16 5 6
6 7 10 3 15 9 11 8 5 4 2 16 14 12 13 1
6 10 7 9 11 3 15 16 2 5 13 8 12 14 4 1
8 6 7 5 14 11 3 4 12 1 9 13 15 2 10 16
7 6 11 14 2 12 9 13 8 15 10 1 3 5 16 4
7 3 11 4 2 15 9 13 14 12 8 1 6 5 16 10
15 7 11 3 6 12 10 14 16 2 4 1 5 9 8 13
10 6 14 2 8 13 15 16 9 3 1 12 4 11 5 7