6 2 7 3 4 8 16 12 11 15 14 10 9 13 5 1
6 5 7 9 10 14 16 15 11 12 8 4 3 2 1 13
7 8 11 4 3 2 5 6 10 14 15 16 12 1 9 13
11 12 7 8 4 3 1 2 6 10 14 13 9 16 15 5
11 12 10 8 7 6 2 5 9 13 14 15 16 3 4 1
15 16 14 12 11 7 8 6 10 9 5 1 2 3 13 4
5 9 6 10 14 15 16 11 7 3 4 8 12 1 2 13
12 8 16 4 3 7 6 11 15 14 13 9 5 1 10 2
6 10 7 14 15 11 16 12 8 4 3 2 1 9 13 5
3 4 7 8 12 16 14 15 11 10 6 2 1 5 9 13
10 9 11 5 6 7 3 8 12 16 15 14 13 1 2 4
6 5 10 1 2 3 8 7 11 15 14 13 9 16 4 12
6 5 10 1 2 3 8 7 11 15 14 13 9 4 12 16
11 10 7 9 5 6 1 2 3 4 8 12 16 15 13 14
8 12 4 16 15 11 10 7 3 2 6 5 1 13 14 9
10 9 6 5 1 2 4 3 7 8 12 16 15 13 11 14
10 6 11 2 3 4 7 8 12 16 15 14 13 5 1 9
10 6 11 2 3 4 7 8 12 16 15 14 13 5 9 1
11 12 10 8 7 6 1 5 9 13 14 15 16 2 4 3
10 14 6 15 16 12 4 8 7 3 2 1 5 9 13 11
11 15 10 14 13 9 1 5 6 7 8 4 3 16 12 2
13 14 9 15 16 12 8 11 10 6 7 3 4 1 2 5
6 5 7 9 10 14 13 15 11 12 8 4 3 16 1 2
15 16 14 12 8 7 3 11 10 6 2 1 5 9 4 13
2 1 3 5 9 10 14 6 7 11 15 16 12 13 8 4
1 2 5 3 4 8 12 7 6 10 11 15 14 16 9 13
8 12 4 16 15 11 10 7 3 2 6 5 9 14 13 1
6 2 7 1 5 9 14 10 11 15 16 12 8 4 3 13
10 11 6 12 8 7 4 3 2 1 5 9 13 15 16 14
14 15 13 16 12 11 7 10 9 5 6 2 1 8 3 4
9 5 10 1 2 6 8 7 11 12 16 15 14 4 3 13
10 14 11 15 16 12 4 8 7 6 5 9 13 2 3 1
12 16 11 15 14 10 9 6 7 8 4 3 2 5 13 1
11 15 7 14 10 6 1 2 3 4 8 12 16 5 13 9
6 7 10 8 12 16 11 15 14 13 9 5 1 2 4 3
11 15 7 14 10 6 1 2 3 4 8 12 16 13 5 9
11 15 7 14 10 6 5 2 3 4 8 12 16 13 9 1
3 4 7 8 12 11 14 10 6 2 1 5 9 15 13 16
10 9 11 5 6 7 3 8 12 16 15 14 13 2 4 1
9 13 5 14 15 11 12 10 6 2 3 7 8 16 4 1
7 8 3 12 11 10 14 6 2 1 5 9 13 16 4 15
11 12 10 8 4 3 2 7 6 5 9 13 14 1 15 16
7 3 6 4 8 12 15 11 10 9 5 1 2 13 14 16
10 14 6 15 11 12 16 8 7 3 2 1 5 13 4 9
10 9 11 5 1 2 3 6 7 8 12 16 15 14 13 4
3 2 4 1 5 6 10 7 8 12 11 15 14 13 16 9
10 9 6 5 1 2 4 3 7 8 12 11 15 16 14 13
10 9 6 13 14 15 16 11 7 3 2 1 5 12 4 8
10 14 11 13 9 5 2 6 7 3 4 8 12 1 15 16
3 4 7 8 12 16 14 15 11 10 6 2 1 13 5 9