5 9 1 13 14 10 7 6 2 3 11 15 16 4 8 12
7 11 6 15 14 13 10 9 5 1 8 12 16 2 3 4
12 16 11 15 14 13 5 9 10 6 3 2 1 7 8 4
13 9 14 5 1 2 7 6 10 11 8 4 3 15 16 12
1 5 2 9 10 6 11 7 3 4 15 14 13 8 12 16
10 6 11 2 3 4 7 8 12 16 9 5 1 15 14 13
7 6 11 2 1 5 13 9 10 14 8 4 3 15 16 12
8 12 4 16 15 11 6 7 3 2 10 14 13 1 5 9
3 4 7 8 12 16 14 15 11 10 5 9 13 6 2 1
9 13 10 14 15 16 8 12 11 7 2 3 4 6 5 1
6 10 7 9 13 14 16 15 11 12 2 1 5 8 4 3
5 9 1 13 14 10 7 6 2 3 16 15 11 4 8 12
10 6 11 5 1 2 4 3 7 8 14 13 9 12 16 15
2 3 1 4 8 7 10 6 5 9 11 12 16 13 14 15
4 8 3 12 16 15 10 11 7 6 9 13 14 2 1 5
2 3 1 4 8 7 10 6 5 9 11 12 16 13 14 15
7 6 11 2 1 5 13 9 10 14 8 4 3 15 16 12
16 15 12 14 10 6 11 7 8 4 5 9 13 3 2 1
2 1 6 5 9 13 15 14 10 11 8 12 16 7 3 4
7 11 6 15 14 10 13 9 5 1 8 12 16 2 3 4
8 12 4 16 15 11 6 7 3 2 10 14 13 1 5 9
11 7 10 3 2 1 6 5 9 13 12 8 4 14 15 16
13 14 9 15 16 12 7 11 10 6 3 4 8 5 1 2
10 11 6 15 16 12 4 8 7 3 9 13 14 2 1 5
7 6 11 5 9 10 13 14 15 16 3 2 1 12 8 4
10 11 6 12 8 4 7 3 2 1 14 15 16 5 9 13
9 5 13 1 2 6 11 10 14 15 7 3 4 16 12 8
9 13 10 14 15 16 8 12 11 7 2 3 4 6 5 1
3 2 4 1 5 6 11 7 8 12 13 9 10 16 15 14
12 8 16 4 3 7 10 11 15 14 6 2 1 13 9 5
1 5 2 9 10 11 6 7 3 4 15 14 13 8 12 16
16 15 12 14 10 11 6 7 8 4 5 9 13 3 2 1
12 8 16 4 3 7 10 11 15 14 6 2 1 13 9 5
11 7 10 3 2 6 1 5 9 13 12 8 4 14 15 16
9 5 13 1 2 6 11 10 14 15 4 3 7 16 12 8
15 14 16 13 9 10 7 11 12 8 1 5 6 4 3 2
14 15 13 16 12 11 6 10 9 5 4 8 7 1 2 3
10 11 6 12 8 7 4 3 2 1 14 15 16 5 9 13
9 5 13 1 2 6 11 10 14 15 7 3 4 16 12 8
7 11 6 12 16 15 13 14 10 9 3 4 8 5 1 2
3 4 7 8 12 16 14 15 11 10 5 9 13 6 2 1
4 3 8 2 1 5 10 6 7 11 14 13 9 12 16 15
2 3 1 4 8 7 10 6 5 9 16 12 11 13 14 15
4 3 8 2 6 7 10 11 12 16 9 5 1 15 14 13
7 6 11 5 9 10 13 14 15 16 3 2 1 12 8 4
8 12 4 16 15 11 6 7 3 2 10 14 13 1 5 9
2 1 6 5 9 13 15 14 10 11 8 12 16 7 3 4
14 15 13 16 12 11 6 10 9 5 7 8 4 1 2 3
10 6 11 2 3 4 7 8 12 16 9 5 1 15 14 13
8 12 4 16 15 11 6 7 3 2 13 14 10 1 5 9