2 4 3 8 12 16 15 11 7 6 10 14 13 1 5 9
14 13 10 9 5 1 3 2 6 7 11 12 8 4 15 16
5 1 6 2 3 4 12 8 7 11 15 14 13 9 10 16
2 1 6 5 9 13 15 14 10 11 12 8 7 16 3 4
2 1 6 5 9 13 15 14 10 11 12 8 4 7 3 16
8 4 7 3 2 1 9 5 6 10 11 12 16 13 14 15
2 4 3 8 12 16 15 11 7 6 10 9 13 1 14 5
3 4 7 8 12 16 14 15 11 10 6 5 1 2 9 13
8 4 7 3 2 1 9 5 6 10 11 15 16 12 13 14
9 13 10 14 15 16 8 12 11 7 6 2 3 5 1 4
12 16 11 15 14 13 5 9 10 6 2 3 4 1 7 8
12 16 11 15 14 13 5 9 10 6 2 3 4 1 8 7
2 1 6 5 9 13 15 14 10 11 7 8 4 3 16 12
3 4 7 8 12 16 14 15 11 10 9 5 1 6 13 2
5 13 9 14 15 16 12 11 10 6 2 3 4 7 1 8
12 16 11 15 14 13 5 9 10 6 2 3 7 1 4 8
15 13 14 9 5 1 2 6 10 11 12 8 7 16 4 3
3 1 2 5 9 13 14 10 6 7 11 12 16 8 15 4
5 1 6 2 3 4 12 8 7 11 10 9 13 15 16 14
8 16 12 15 14 13 9 10 11 7 3 2 1 4 5 6
5 1 6 2 3 4 12 8 7 11 15 14 13 9 16 10
15 16 11 12 8 4 2 3 7 6 10 9 13 5 1 14
15 13 14 9 5 1 2 6 10 11 7 3 4 8 16 12
8 4 7 3 2 1 9 5 6 10 11 15 16 12 14 13
12 4 8 3 2 1 5 6 7 11 15 14 13 16 9 10
12 16 11 15 14 13 5 9 10 6 7 3 4 8 2 1
14 13 10 9 5 1 3 2 6 7 8 12 11 15 4 16
2 4 3 8 12 16 15 11 7 6 10 14 13 1 5 9
5 1 6 2 3 4 12 8 7 11 15 14 13 9 10 16
12 4 8 3 2 1 5 6 7 11 15 14 13 10 16 9
12 4 8 3 2 1 5 6 7 11 15 14 13 16 9 10
5 13 9 14 15 16 12 11 10 6 7 3 2 1 8 4
5 1 6 2 3 4 12 8 7 11 15 14 13 9 16 10
5 13 9 14 15 16 12 11 10 6 2 3 4 8 7 1
9 13 10 14 15 16 8 12 11 7 6 5 1 2 4 3
14 16 15 12 8 4 3 7 11 10 9 5 1 6 2 13
15 16 11 12 8 4 2 3 7 6 10 9 13 1 5 14
12 16 11 15 14 13 5 9 10 6 2 3 7 1 4 8
12 16 11 15 14 13 5 9 10 6 2 3 7 8 4 1
5 13 9 14 15 16 12 11 10 6 7 3 2 4 1 8
15 16 11 12 8 4 2 3 7 6 10 9 5 14 1 13
15 16 11 12 8 4 2 3 7 6 10 9 5 13 1 14
15 13 14 9 5 1 2 6 10 11 7 3 4 16 12 8
14 16 15 12 8 4 3 7 11 10 9 5 1 13 2 6
5 1 6 2 3 4 12 8 7 11 10 14 13 9 15 16
2 1 6 5 9 13 15 14 10 11 7 8 4 16 12 3
9 1 5 2 3 4 8 7 6 10 11 15 14 12 16 13
2 4 3 8 12 16 15 11 7 6 5 9 13 14 10 1
2 4 3 8 12 16 15 11 7 6 5 9 13 14 1 10
15 16 11 12 8 4 2 3 7 6 5 9 13 1 10 14