10 9 6 13 14 15 12 11 7 3 2 1 5 16 8 4
10 9 14 5 6 7 3 11 15 16 12 8 4 2 13 1
11 15 7 14 10 6 1 2 3 4 8 12 16 13 5 9
8 4 12 3 7 6 2 10 11 15 14 13 9 1 5 16
10 9 6 13 14 15 16 11 7 3 2 1 5 8 4 12
6 2 10 3 7 11 12 15 14 13 9 5 1 8 16 4
6 2 7 1 5 9 13 10 11 12 8 4 3 14 16 15
11 15 7 14 10 6 1 2 3 4 8 12 16 9 5 13
6 5 7 9 10 14 13 15 11 12 8 4 3 2 16 1
7 3 11 2 6 5 1 9 10 14 15 16 12 13 4 8
11 15 7 14 10 6 1 2 3 4 8 12 16 5 13 9
7 8 11 4 3 2 1 6 10 9 13 14 15 12 5 16
7 8 6 12 11 10 13 9 5 1 2 3 4 15 14 16
6 5 7 9 10 11 15 12 8 4 3 2 1 14 16 13
6 2 10 3 7 8 16 12 11 15 14 13 9 1 5 4
7 8 6 12 11 15 13 14 10 9 5 1 2 3 4 16
11 15 7 14 10 9 13 5 6 2 3 4 8 16 12 1
10 9 6 13 14 15 16 11 7 3 2 1 5 12 4 8
6 2 10 3 7 8 16 12 11 15 14 13 9 4 5 1
6 2 10 3 7 11 12 15 14 13 9 5 1 16 4 8
6 2 10 3 7 8 4 12 11 15 14 13 9 16 1 5
8 4 12 3 7 6 2 10 11 15 14 13 9 5 16 1
7 8 11 4 3 2 1 6 10 14 13 9 5 12 15 16
11 15 7 14 10 6 1 2 3 4 8 12 16 9 13 5
11 12 7 16 15 14 9 10 6 2 3 4 8 1 5 13
11 12 10 8 7 6 2 5 9 13 14 15 16 4 3 1
6 2 10 3 7 11 12 15 14 13 9 5 1 4 8 16
15 16 14 12 11 7 3 6 10 9 5 1 2 8 4 13
12 16 8 15 11 10 9 6 7 3 2 1 5 13 4 14
10 14 9 15 11 7 8 6 5 1 2 3 4 13 16 12
7 3 8 2 6 10 9 11 12 16 15 14 13 1 4 5
10 14 6 15 11 7 4 3 2 1 5 9 13 16 12 8
7 3 11 2 6 5 13 9 10 14 15 16 12 4 1 8
10 14 9 15 11 7 8 6 5 1 2 3 4 16 12 13
6 2 7 1 5 9 13 10 11 12 8 4 3 16 15 14
3 4 2 8 7 11 15 10 6 5 9 13 14 16 12 1
6 5 10 1 2 3 4 7 11 15 14 13 9 16 12 8
7 8 6 12 11 15 16 14 10 9 5 1 2 13 3 4
7 3 6 4 8 12 16 11 10 9 5 1 2 15 14 13
6 5 7 9 10 11 16 12 8 4 3 2 1 13 15 14
11 12 10 8 7 3 1 2 6 5 9 13 14 4 16 15
10 9 6 13 14 15 12 11 7 8 4 3 2 5 16 1
10 9 11 5 6 2 1 3 7 8 12 16 15 13 14 4
7 8 11 4 3 2 1 6 10 14 15 16 12 13 5 9
11 15 7 14 10 6 1 2 3 4 8 12 16 9 5 13
10 14 6 15 11 7 8 3 2 1 5 9 13 4 12 16
11 15 7 14 10 6 1 2 3 4 8 12 16 5 9 13
10 14 6 15 11 12 16 8 7 3 2 1 5 9 4 13
6 5 2 9 10 11 15 7 3 4 8 12 16 13 1 14
6 2 10 3 7 8 16 12 11 15 14 13 9 5 4 1