12 16 11 15 14 13 5 9 10 6 3 2 1 7 8 4
5 1 6 2 3 4 12 8 7 11 14 15 16 10 9 13
12 16 11 15 14 13 5 9 10 6 3 2 1 7 8 4
8 4 7 3 2 1 9 5 6 10 15 14 13 11 12 16
5 1 6 2 3 4 12 8 7 11 14 15 16 10 9 13
2 4 3 8 12 16 15 11 7 6 9 5 1 10 14 13
2 1 6 5 9 13 15 14 10 11 8 12 16 7 3 4
8 16 12 15 14 13 9 10 11 7 2 3 4 6 5 1
2 1 6 5 9 13 15 14 10 11 8 12 16 7 3 4
15 13 14 9 5 1 2 6 10 11 8 12 16 7 3 4
3 1 2 5 9 13 14 10 6 7 12 8 4 11 15 16
3 4 7 8 12 16 14 15 11 10 5 9 13 6 2 1
14 13 10 9 5 1 3 2 6 7 12 8 4 11 15 16
5 1 6 2 3 4 12 8 7 11 14 15 16 10 9 13
15 13 14 9 5 1 2 6 10 11 8 12 16 7 3 4
12 4 8 3 2 1 5 6 7 11 14 15 16 10 9 13
3 4 7 8 12 16 14 15 11 10 5 9 13 6 2 1
9 1 5 2 3 4 8 7 6 10 15 14 13 11 12 16
5 1 6 2 3 4 12 8 7 11 14 15 16 10 9 13
8 16 12 15 14 13 9 10 11 7 2 3 4 6 5 1
15 13 14 9 5 1 2 6 10 11 8 12 16 7 3 4
3 4 7 8 12 16 14 15 11 10 5 9 13 6 2 1
14 16 15 12 8 4 3 7 11 10 5 9 13 6 2 1
9 1 5 2 3 4 8 7 6 10 15 14 13 11 12 16
3 4 7 8 12 16 14 15 11 10 5 9 13 6 2 1
9 1 5 2 3 4 8 7 6 10 15 14 13 11 12 16
8 4 7 3 2 1 9 5 6 10 15 14 13 11 12 16
14 16 15 12 8 4 3 7 11 10 5 9 13 6 2 1
2 1 6 5 9 13 15 14 10 11 8 12 16 7 3 4
2 1 6 5 9 13 15 14 10 11 8 12 16 7 3 4
8 16 12 15 14 13 9 10 11 7 2 3 4 6 5 1
2 4 3 8 12 16 15 11 7 6 9 5 1 10 14 13
2 4 3 8 12 16 15 11 7 6 9 5 1 10 14 13
8 4 7 3 2 1 9 5 6 10 15 14 13 11 12 16
5 13 9 14 15 16 12 11 10 6 3 2 1 7 8 4
9 1 5 2 3 4 8 7 6 10 15 14 13 11 12 16
8 16 12 15 14 13 9 10 11 7 2 3 4 6 5 1
5 13 9 14 15 16 12 11 10 6 3 2 1 7 8 4
12 4 8 3 2 1 5 6 7 11 14 15 16 10 9 13
8 16 12 15 14 13 9 10 11 7 2 3 4 6 5 1
2 4 3 8 12 16 15 11 7 6 9 5 1 10 14 13
2 4 3 8 12 16 15 11 7 6 9 5 1 10 14 13
9 1 5 2 3 4 8 7 6 10 15 14 13 11 12 16
2 1 6 5 9 13 15 14 10 11 8 12 16 7 3 4
14 13 10 9 5 1 3 2 6 7 12 8 4 11 15 16
15 16 11 12 8 4 2 3 7 6 9 5 1 10 14 13
3 4 7 8 12 16 14 15 11 10 5 9 13 6 2 1
14 16 15 12 8 4 3 7 11 10 5 9 13 6 2 1
5 13 9 14 15 16 12 11 10 6 3 2 1 7 8 4
14 13 10 9 5 1 3 2 6 7 12 8 4 11 15 16