8 6 14 9 3 5 2 1 10 7 11 12 15 4 13 16
15 10 12 5 2 9 14 13 6 11 7 8 3 16 1 4
2 7 12 5 15 3 8 4 11 6 10 9 14 13 1 16
5 10 2 15 12 14 9 13 6 11 7 3 8 16 4 1
12 10 2 5 15 9 14 13 11 6 7 8 3 1 4 16
8 6 14 3 9 5 2 1 7 10 11 15 12 16 13 4
14 11 3 8 9 12 15 16 10 7 6 5 2 4 13 1
9 11 8 14 3 15 12 16 7 10 6 5 2 1 4 13
9 6 14 3 8 2 5 1 10 7 11 15 12 13 16 4
9 6 3 14 8 5 2 1 7 10 11 12 15 4 13 16
3 11 14 8 9 12 15 16 7 10 6 2 5 1 13 4
5 7 15 12 2 8 3 4 11 6 10 14 9 1 16 13
14 6 3 9 8 2 5 1 10 7 11 12 15 4 16 13
14 6 3 9 8 5 2 1 7 10 11 15 12 16 4 13
8 6 3 9 14 5 2 1 10 7 11 12 15 4 13 16
2 10 5 15 12 14 9 13 11 6 7 3 8 1 4 16
12 10 2 5 15 9 14 13 11 6 7 8 3 4 1 16
14 6 3 9 8 5 2 1 7 10 11 12 15 4 16 13
15 10 2 5 12 9 14 13 11 6 7 8 3 4 16 1
15 7 5 2 12 3 8 4 11 6 10 9 14 1 16 13
14 6 9 3 8 2 5 1 7 10 11 12 15 16 13 4
2 7 12 5 15 8 3 4 6 11 10 9 14 16 1 13
3 11 14 8 9 12 15 16 7 10 6 5 2 4 13 1
12 7 15 5 2 8 3 4 6 11 10 9 14 16 13 1
5 10 2 12 15 14 9 13 6 11 7 8 3 4 16 1
15 10 12 2 5 14 9 13 11 6 7 3 8 16 4 1
2 10 12 15 5 14 9 13 11 6 7 3 8 4 16 1
14 11 3 9 8 15 12 16 7 10 6 5 2 4 13 1
5 7 15 12 2 8 3 4 11 6 10 9 14 13 16 1
14 11 9 3 8 15 12 16 7 10 6 5 2 13 4 1
