27 35 43 51 26 18 34 42 44 52 60 61 54 10 12 8 7 47 46 15 17 1 32 62 21 23 29 25 38 64 55 16 3 50 56 40 24 28 11 20 6 57 63 13 41 4 59 39 36 14 45 5 48 49 2 9 37 30 53 31 33 19 58 22
28 36 44 52 27 19 26 34 50 51 43 35 48 58 39 33 1 57 7 49 12 62 30 4 61 3 25 60 14 64 18 38 13 47 32 21 8 6 20 45 23 55 15 37 16 42 40 53 56 11 63 54 29 17 31 9 46 5 22 59 41 24 10 2
38 39 47 46 30 22 28 29 37 45 53 54 8 26 60 20 36 59 49 41 18 6 1 55 27 50 17 11 19 16 32 25 56 33 2 57 34 9 23 43 24 10 12 58 62 52 61 35 13 51 15 42 40 3 4 44 21 14 63 5 64 48 7 31
28 29 37 45 36 44 35 43 52 53 54 55 11 41 8 62 61 42 34 21 23 27 2 10 30 24 26 1 33 56 48 50 9 60 12 7 22 38 14 20 13 15 64 17 59 4 46 25 18 57 51 40 19 32 58 49 63 47 31 39 16 3 5 6
35 36 37 38 43 51 44 45 47 39 40 32 49 3 7 28 17 2 10 30 54 52 22 62 60 53 34 23 4 33 16 6 12 5 29 26 55 15 61 57 24 48 25 27 13 64 21 42 19 20 18 58 63 31 59 14 9 56 50 11 41 8 1 46
30 29 28 27 38 39 37 35 34 26 25 17 44 8 54 64 2 10 14 16 47 51 15 55 1 24 9 3 62 49 31 13 18 6 42 58 5 21 43 45 61 57 19 12 46 22 32 60 33 20 50 52 36 63 40 4 7 11 59 56 53 23 41 48
21 20 12 13 29 28 37 38 30 14 15 7 41 17 40 61 39 9 62 54 50 25 16 64 26 32 33 10 2 46 56 44 27 43 63 1 24 8 60 49 3 34 22 6 57 52 19 5 42 48 59 36 47 55 51 4 45 58 35 31 53 11 23 18
37 45 46 47 29 21 31 32 40 39 38 30 36 3 2 12 10 55 59 6 7 49 44 56 20 13 26 17 42 58 34 41 11 63 51 25 62 19 18 52 16 35 9 61 50 53 8 64 54 33 57 48 27 43 22 14 23 60 28 4 24 1 15 5
29 28 20 21 30 38 31 39 23 22 14 13 37 50 63 56 52 54 58 49 48 4 42 12 62 59 9 60 47 51 64 44 18 43 36 8 53 45 19 1 10 25 41 57 35 61 34 24 55 40 16 5 17 27 33 3 15 6 46 26 11 32 2 7
27 28 29 30 35 34 36 37 38 39 40 32 63 2 59 23 41 18 55 4 31 43 44 33 62 15 7 54 48 56 3 57 20 60 17 19 16 42 9 26 1 64 45 52 46 58 10 12 50 21 6 8 53 13 49 25 11 24 47 5 51 14 61 22
46 47 55 63 45 37 53 54 62 61 60 52 22 1 33 36 12 49 28 26 2 25 30 48 27 32 24 64 8 4 40 23 7 13 17 38 50 51 43 18 57 58 42 41 59 16 14 5 15 21 31 20 10 34 3 29 44 19 11 9 35 56 6 39
43 42 33 25 44 45 36 35 34 26 18 17 58 4 6 63 30 61 12 55 21 62 56 20 9 51 60 11 41 27 7 14 64 50 31 38 13 5 54 19 22 39 57 53 48 2 29 24 32 28 8 1 15 10 23 37 59 47 40 49 3 16 52 46
6 5 4 12 14 15 22 21 20 28 36 35 8 46 50 24 64 33 51 48 62 57 41 34 2 17 58 11 54 44 23 16 53 31 3 18 37 10 32 45 49 47 27 26 19 29 42 39 63 52 56 59 1 30 7 9 43 13 40 60 25 55 61 38
31 23 22 21 39 38 47 46 45 37 36 44 19 3 62 15 41 2 33 10 63 43 6 8 50 17 51 34 49 4 56 42 26 53 55 59 52 30 25 40 27 14 64 48 58 29 7 32 11 9 57 1 5 60 24 54 35 13 16 61 28 20 12 18
34 33 41 49 35 36 51 59 58 50 42 43 1 16 46 28 8 60 10 62 25 57 30 9 55 18 21 45 7 39 11 56 17 5 37 6 3 48 27 61 38 31 19 63 4 32 47 22 53 52 15 26 23 13 44 2 64 24 54 12 20 14 40 29
26 27 35 36 34 33 42 44 45 37 29 21 38 24 51 5 2 32 59 11 54 22 53 62 55 16 20 9 58 48 43 13 31 61 57 7 49 4 1 60 10 23 17 6 50 40 52 28 25 47 19 41 8 15 46 39 64 14 12 18 63 30 3 56
29 28 20 12 30 31 22 21 5 13 14 6 7 36 33 10 15 56 51 62 32 34 59 37 25 58 18 45 8 44 1 24 50 52 57 9 47 19 2 53 11 48 23 35 60 41 43 39 63 3 4 16 26 17 40 38 27 64 61 42 55 54 46 49
43 51 59 58 44 36 45 53 52 50 42 41 6 24 39 16 15 18 25 40 12 62 60 2 11 30 37 26 23 63 57 17 27 9 55 31 33 48 14 3 1 19 64 8 10 38 56 13 20 32 28 7 54 29 47 61 49 46 5 34 21 35 22 4
60 62 54 53 59 58 51 43 44 45 46 47 22 36 17 32 27 6 4 25 14 52 42 10 3 48 55 63 26 15 64 19 35 34 23 30 20 57 18 31 16 56 37 13 5 28 29 21 33 50 61 11 2 7 41 39 12 40 1 49 8 24 9 38
53 52 44 36 46 47 38 37 29 28 27 19 26 35 9 41 16 64 3 50 34 8 42 43 49 18 10 11 51 14 7 17 31 25 2 57 24 6 1 56 33 5 4 54 39 62 63 15 61 23 22 48 12 13 45 60 40 58 21 20 30 59 55 32
28 29 37 36 27 35 43 51 52 44 45 46 4 7 64 40 10 21 20 57 23 34 53 58 8 63 33 54 42 9 24 3 39 22 19 62 50 55 32 26 41 59 1 47 31 13 16 17 49 38 11 5 18 56 14 60 12 6 48 61 30 15 2 25
11 19 27 35 12 4 13 21 20 36 37 45 61 7 53 52 49 32 40 9 42 39 22 41 24 62 51 55 57 43 17 18 1 31 50 16 30 60 2 56 8 10 5 33 6 44 59 29 63 15 23 34 58 47 38 3 14 28 46 25 48 26 64 54
30 38 46 54 29 28 37 45 61 62 63 55 11 26 51 8 18 36 22 57 19 20 14 7 48 43 47 3 31 58 60 9 52 25 27 12 4 49 59 34 5 40 17 64 24 2 44 6 41 53 56 10 42 39 15 21 35 32 33 16 13 50 1 23
53 54 55 56 52 44 45 46 47 48 40 32 43 25 59 6 2 58 64 17 62 26 61 23 21 10 42 19 60 33 36 39 31 9 41 16 38 14 8 4 30 18 49 37 50 24 35 3 20 7 63 12 27 15 51 28 13 57 29 1 5 34 22 11
48 47 55 54 40 32 39 31 30 38 37 36 7 42 4 64 5 2 15 58 19 8 41 33 24 9 3 14 21 17 6 52 18 20 53 59 16 62 46 29 49 56 43 13 63 27 22 26 35 1 28 51 10 60 45 61 12 57 34 44 23 50 11 25
6 7 8 16 14 13 15 31 32 24 23 22 39 11 2 1 56 61 41 54 29 48 34 26 25 57 30 36 12 55 20 49 63 52 4 33 42 53 3 59 40 9 60 45 62 58 10 51 64 19 44 27 5 28 47 43 37 21 18 35 46 38 50 17
39 47 55 63 31 23 30 38 54 62 61 53 29 43 52 4 49 51 58 57 33 45 16 59 34 11 44 2 19 41 27 60 50 28 10 56 48 26 15 17 1 8 42 25 21 24 13 20 64 5 12 6 40 9 18 37 35 36 32 46 3 22 7 14
30 22 14 13 37 45 29 21 20 12 11 19 48 9 32 42 34 44 64 38 51 3 1 23 61 58 15 27 59 53 26 2 4 25 35 63 39 24 57 8 10 36 43 62 5 31 56 60 40 52 16 17 28 18 47 55 54 7 50 33 6 49 41 46
30 31 39 40 37 38 45 46 47 48 56 55 33 23 53 43 3 15 60 32 35 18 54 34 64 12 24 6 51 50 13 21 41 42 57 16 7 63 5 14 61 44 20 59 25 28 26 4 2 10 1 36 29 62 58 19 9 11 17 49 8 52 27 22
28 36 35 27 29 30 21 22 20 19 18 17 56 48 11 33 52 43 24 57 37 40 62 59 16 60 4 50 45 54 26 42 25 7 23 38 51 61 6 47 32 31 49 5 13 46 34 64 53 63 55 2 44 41 3 9 15 12 1 14 10 58 8 39
