5 1 2 3 4 8 12 11 7 6 13 15 16 14 10 9
2 3 7 11 10 14 15 16 12 8 5 13 4 6 9 1
8 7 11 10 14 13 9 5 6 2 15 12 3 4 1 16
16 12 11 7 8 4 3 2 1 5 6 15 14 9 10 13
8 12 11 10 14 13 9 5 1 2 3 4 15 7 16 6
5 1 2 6 7 8 12 11 10 14 4 16 3 15 9 13
13 14 15 11 7 3 2 6 10 9 8 4 16 1 12 5
9 13 14 10 6 7 3 2 1 5 15 4 16 12 11 8
1 2 3 7 8 12 11 10 14 13 4 5 6 16 15 9
7 6 5 9 10 14 15 16 12 11 13 2 4 1 3 8
14 15 11 12 8 7 6 10 9 13 5 1 4 16 3 2
3 7 11 12 16 15 14 13 9 5 2 4 8 1 6 10
12 11 7 8 4 3 2 6 10 14 9 15 16 5 1 13
15 11 7 6 10 9 5 1 2 3 16 12 13 14 8 4
4 8 12 11 7 3 2 1 5 6 9 10 13 14 16 15
4 3 7 11 15 14 13 9 10 6 1 5 16 12 2 8
3 2 6 7 11 10 14 15 16 12 9 1 4 5 8 13
2 6 5 9 13 14 15 11 12 16 4 8 7 1 10 3
4 8 7 11 12 16 15 14 10 6 9 3 13 1 5 2
15 14 10 9 5 1 2 6 7 3 12 11 8 16 13 4
10 14 15 16 12 8 4 3 2 6 7 1 9 13 5 11
15 14 10 11 7 6 2 3 4 8 12 9 5 16 1 13
13 14 10 9 5 6 7 8 12 16 15 3 4 11 2 1
6 5 9 10 11 12 8 4 3 7 14 1 2 15 16 13
2 3 7 8 12 11 10 14 15 16 6 5 9 4 1 13
11 7 3 2 6 10 9 13 14 15 5 16 12 1 8 4
2 1 5 9 13 14 10 11 12 16 4 3 7 15 6 8
1 2 6 7 11 10 14 13 9 5 3 16 15 4 12 8
2 6 7 11 10 14 13 9 5 1 4 15 16 3 12 8
2 6 10 11 15 16 12 8 4 3 7 9 1 13 5 14
