1 6 11 7 5 10 15 9 14 13 12 3 8 4 2 16
13 14 9 1 15 10 5 11 6 7 3 12 4 8 2 16
1 5 2 4 9 6 3 10 7 11 12 8 14 16 13 15
8 12 11 9 4 7 10 3 6 2 13 5 16 15 1 14
1 3 4 8 2 7 12 6 11 10 16 13 14 15 9 5
2 3 7 15 1 6 11 5 10 9 14 8 4 12 13 16
8 7 3 2 11 6 1 10 5 9 4 14 15 16 12 13
8 7 3 2 11 6 1 10 5 9 15 14 16 4 13 12
15 14 10 2 16 11 6 12 7 8 9 4 1 5 3 13
1 9 14 16 5 10 15 6 11 7 12 8 2 4 13 3
3 7 8 12 6 11 16 10 15 14 5 1 9 4 13 2
14 11 8 12 10 7 4 6 3 2 9 13 1 16 15 5
1 6 11 10 2 7 12 3 8 4 9 13 5 15 14 16
14 13 9 1 15 10 5 11 6 7 4 2 8 12 3 16
14 15 10 2 16 11 6 12 7 8 3 9 5 1 13 4
12 11 14 15 7 10 13 6 9 5 3 16 4 2 8 1
3 11 14 15 7 10 13 6 9 5 8 4 12 16 1 2
12 11 7 6 15 10 5 14 9 13 3 2 4 1 16 8
12 8 7 2 16 11 6 15 10 14 13 5 9 3 4 1
6 7 11 12 5 10 15 9 14 13 16 2 1 3 8 4
12 8 7 5 16 11 6 15 10 14 9 3 1 4 13 2
3 11 15 14 7 10 13 6 9 5 2 12 1 4 8 16
15 14 10 2 16 11 6 12 7 8 13 4 9 1 5 3
12 11 7 6 15 10 5 14 9 13 1 3 8 4 2 16
4 8 3 1 12 7 2 11 6 10 5 13 16 15 14 9
16 14 13 9 15 10 5 11 6 7 3 2 4 8 1 12
7 11 10 13 3 6 9 2 5 1 16 14 4 12 8 15
14 13 9 1 15 10 5 11 6 7 3 12 4 16 8 2
11 10 6 5 12 7 2 8 3 4 14 15 16 13 9 1
12 7 3 2 11 6 1 10 5 9 15 8 16 13 4 14
