34 35 36 28 29 37 45 53 61 62 2 3 63 55 24 23 38 33 8 50 25 42 5 15 51 9 14 48 39 40 26 6 52 46 41 44 49 11 1 64 54 59 4 56 43 21 22 27 57 20 47 13 31 10 7 58 18 16 17 32 12 19 60 30
36 44 43 51 52 53 45 37 29 28 19 13 38 5 23 12 15 64 1 49 7 14 48 32 50 3 33 8 57 31 63 39 30 27 2 20 21 17 56 16 54 61 62 46 22 11 10 42 35 59 60 9 6 18 40 41 24 34 58 4 25 47 26 55
36 28 29 37 38 30 31 23 15 16 25 21 26 44 57 63 45 49 10 14 34 56 46 19 40 35 60 48 41 43 61 55 39 13 50 22 3 62 2 54 47 8 18 4 1 6 42 58 24 64 17 51 33 9 32 11 20 12 53 27 52 59 7 5
57 58 59 60 52 53 45 46 54 55 17 15 40 32 33 61 9 3 28 11 30 21 44 5 12 24 64 62 25 18 1 13 63 22 8 51 34 49 42 10 36 48 47 39 4 26 6 29 7 31 27 35 2 41 38 19 50 56 43 20 14 37 23 16
15 23 31 32 40 48 56 55 63 62 14 6 16 45 1 11 37 3 28 43 24 53 51 2 30 7 52 42 59 21 39 58 36 54 34 20 9 22 41 19 29 33 61 50 26 12 47 57 35 13 8 64 46 17 25 5 27 4 60 10 49 44 38 18
49 50 42 34 26 27 19 20 21 13 11 8 40 2 31 24 51 38 15 14 23 54 3 5 22 47 61 7 58 37 44 16 63 48 18 10 55 41 59 52 1 60 46 53 43 32 45 28 62 17 30 36 39 33 12 9 6 4 25 64 56 35 29 57
22 23 15 14 13 12 20 28 29 37 5 18 48 53 44 2 46 49 43 52 26 8 61 32 47 38 54 62 33 40 3 19 34 60 6 50 45 31 36 55 7 59 1 30 41 35 4 57 21 39 58 64 17 10 24 63 16 9 56 11 42 25 51 27
43 44 36 28 20 21 22 23 15 16 64 54 35 42 49 32 13 12 41 52 48 7 58 62 31 8 61 26 39 63 5 38 47 11 51 1 6 33 60 59 50 10 17 19 34 56 55 30 2 45 14 18 29 3 57 24 37 25 9 53 46 27 4 40
37 38 39 40 48 47 46 54 53 61 34 12 56 7 15 4 1 60 50 58 59 22 32 51 19 31 44 13 52 28 2 63 20 41 27 14 8 62 17 10 45 11 33 35 9 25 18 55 42 21 64 57 24 43 3 6 36 16 23 30 26 29 5 49
50 42 34 35 36 44 45 46 54 62 48 25 30 57 27 13 41 56 23 19 14 51 61 28 22 6 10 12 20 59 11 2 32 7 31 37 8 52 1 58 4 16 64 26 21 47 33 9 60 63 40 15 49 29 5 43 55 3 53 24 18 39 38 17
53 45 37 29 30 38 39 40 32 24 52 1 58 25 16 50 35 17 64 62 4 9 55 13 56 34 60 46 20 54 63 2 57 21 6 41 61 44 11 18 42 23 31 14 36 27 3 15 12 26 10 43 8 59 7 5 33 51 19 22 48 28 49 47
20 28 36 44 52 53 45 37 29 30 51 24 9 1 6 13 8 54 22 15 7 48 39 11 34 33 14 3 26 50 40 19 17 56 60 21 18 49 35 43 61 64 27 59 41 31 58 32 5 62 46 23 16 47 12 42 4 57 63 25 10 38 2 55
31 30 29 28 36 37 45 46 47 55 12 21 5 33 27 9 50 64 63 51 2 43 59 49 34 1 56 22 57 32 41 14 39 7 3 26 10 16 6 44 17 15 13 42 61 23 38 25 19 18 35 52 48 24 4 8 60 53 54 62 58 20 11 40
55 56 48 40 32 31 39 38 46 47 26 29 17 10 9 41 60 42 8 18 19 2 27 34 50 54 1 13 62 35 25 16 43 59 6 30 22 61 57 33 12 36 11 49 3 5 53 21 28 37 63 20 14 4 23 58 24 64 7 44 15 52 51 45
7 6 5 13 21 29 30 31 39 47 24 32 48 54 2 3 59 15 34 17 57 49 9 52 37 38 40 19 1 16 4 25 53 28 20 43 8 11 46 41 56 18 51 50 42 58 63 12 22 27 55 14 45 35 64 10 36 61 62 26 44 60 33 23
7 6 5 13 21 22 23 31 30 38 57 25 53 2 47 44 9 32 61 45 58 60 56 50 63 43 55 12 40 36 39 28 64 1 3 24 34 4 54 48 33 37 27 42 11 46 8 35 15 51 10 19 41 52 62 26 16 17 18 20 14 59 29 49
21 29 28 20 12 11 19 18 10 2 8 58 30 1 51 26 22 61 23 13 46 52 17 39 56 25 3 36 41 49 63 62 4 6 37 14 47 59 57 38 40 34 31 54 53 45 50 9 60 42 5 44 64 35 24 43 27 55 32 7 15 33 48 16
9 1 2 3 4 5 13 21 22 14 39 33 55 32 20 47 40 30 52 17 31 6 36 60 38 54 48 27 35 34 23 43 44 15 29 45 51 56 49 7 57 46 24 10 64 11 42 53 50 19 25 41 18 16 12 26 62 58 8 28 63 61 37 59
33 41 42 34 26 18 19 20 28 29 56 64 59 14 40 36 9 12 47 35 1 3 44 21 51 52 7 62 38 27 53 49 60 13 58 32 11 48 17 31 5 55 4 61 46 43 10 16 50 57 37 45 24 23 25 54 22 6 2 39 15 8 63 30
20 12 11 10 9 17 25 26 27 35 28 64 24 49 2 5 15 55 59 52 30 8 58 53 46 39 45 1 48 37 40 32 50 31 51 33 62 60 61 56 42 57 14 41 38 47 18 54 13 7 29 16 36 3 19 34 44 21 22 63 4 6 43 23
27 28 36 35 43 44 45 46 54 55 57 37 64 58 8 33 40 1 21 47 10 16 11 59 6 63 26 20 25 56 12 3 30 49 18 24 19 51 52 34 48 62 41 7 31 14 42 50 38 32 17 60 13 29 39 23 2 61 53 4 22 5 15 9
14 13 21 20 28 29 30 22 23 15 18 58 53 59 33 55 1 43 32 57 63 34 50 10 64 5 19 44 37 6 9 27 42 8 2 60 31 39 46 35 36 61 4 7 41 49 16 54 17 62 24 25 26 40 48 47 12 52 3 38 45 51 56 11
30 29 28 36 35 43 42 34 26 27 38 53 58 14 8 23 7 60 64 40 20 50 10 47 62 49 31 59 9 56 16 22 6 61 44 39 12 1 63 57 19 37 5 45 52 18 15 3 46 24 32 55 25 41 21 33 54 13 17 2 51 48 11 4
13 12 11 19 27 35 43 42 50 49 33 9 45 51 25 53 55 20 39 52 62 29 59 64 61 32 16 21 40 36 30 8 47 56 60 15 5 44 57 48 18 6 7 14 10 37 4 26 1 23 54 46 17 3 28 2 38 22 41 24 58 63 31 34
63 62 54 46 38 30 22 21 13 5 25 31 32 26 6 37 44 33 58 34 48 11 53 45 47 28 60 27 59 24 1 15 8 42 55 40 29 10 35 20 41 52 23 57 9 7 3 12 18 64 43 17 61 49 56 39 50 2 19 36 16 51 14 4
39 38 37 29 28 36 44 52 53 61 15 11 13 33 23 5 56 4 49 55 6 3 1 24 54 43 62 26 58 40 25 21 34 17 60 7 47 45 14 64 46 22 19 59 42 12 16 31 8 63 41 51 48 9 18 50 57 30 27 35 20 32 2 10
63 55 54 46 45 37 29 28 27 35 3 48 34 13 5 61 7 51 11 49 32 36 50 4 52 21 6 40 8 64 24 2 25 17 9 56 20 18 15 59 16 30 14 33 58 60 41 47 26 23 19 62 1 57 31 39 22 53 10 38 42 43 12 44
20 28 27 35 43 51 52 60 59 58 55 6 9 39 30 5 7 18 19 31 24 22 4 64 36 33 54 47 50 17 48 13 14 56 32 62 63 3 46 34 37 16 53 11 25 8 12 42 57 15 41 2 61 49 26 29 44 1 45 40 10 21 23 38
20 28 29 21 22 14 15 7 6 5 56 12 57 26 35 63 30 34 60 42 11 3 40 32 52 31 48 13 25 45 49 16 44 37 24 38 43 39 55 50 53 61 10 54 58 33 51 4 2 64 59 9 8 23 41 46 1 19 17 62 36 27 47 18
10 9 17 18 26 27 19 20 21 13 37 6 15 61 60 24 64 14 51 59 8 40 35 58 28 4 55 54 32 44 47 42 2 57 52 50 3 30 1 49 16 41 12 62 43 48 25 38 46 5 22 11 33 7 34 63 36 45 23 29 31 39 56 53
