27 26 19 25 17 9 18 10 11 12 13 21 29 3 4 50 51 31 5 38 47 41 37 45 57 23 7 56 28 33 40 55 49 60 63 8 52 35 36 22 59 43 61 16 39 58 24 42 30 32 46 34 54 64 14 1 20 53 62 2 15 6 48 44
27 35 28 36 37 29 30 21 20 12 11 19 18 4 60 45 43 13 54 53 49 51 56 57 63 41 55 32 58 34 9 46 22 47 64 23 24 39 26 33 25 38 31 50 59 48 6 15 17 44 1 10 14 61 7 40 52 3 8 16 42 2 5 62
11 3 12 2 10 18 27 19 20 21 22 30 29 25 4 49 41 61 40 50 31 5 51 8 35 33 14 58 45 37 60 43 16 6 54 57 53 59 24 32 17 63 64 15 62 47 39 23 55 1 52 34 48 36 42 9 38 13 7 46 44 26 56 28
35 27 34 26 25 33 49 41 42 50 58 59 51 46 20 60 64 9 22 15 29 43 39 21 52 5 18 23 44 19 13 61 24 31 30 11 16 56 3 54 2 12 55 63 48 38 17 45 47 1 8 57 37 6 10 32 28 40 62 14 7 36 53 4
45 37 46 29 21 22 31 30 38 39 47 55 54 53 52 19 59 17 7 15 43 11 62 12 49 41 40 23 58 13 44 8 2 25 42 33 16 35 34 57 20 51 6 50 1 3 10 60 18 27 28 63 64 56 32 61 4 9 5 24 26 36 48 14
37 45 29 53 52 44 43 36 28 27 35 34 42 63 49 16 15 61 55 12 57 7 54 3 41 2 10 33 40 13 19 26 64 14 4 11 20 46 9 24 5 31 60 38 25 18 23 22 21 30 47 32 1 8 39 58 17 48 59 50 6 56 62 51
27 19 28 20 12 13 5 21 29 37 36 35 43 61 10 4 62 34 18 54 49 47 41 51 11 8 1 53 45 24 30 48 9 22 39 2 14 6 59 46 32 26 42 63 23 57 17 3 38 50 40 56 44 7 16 58 33 15 60 55 31 52 64 25
45 46 37 38 30 29 20 28 36 44 52 53 61 35 8 57 19 6 56 32 9 2 51 23 41 7 11 16 10 18 13 12 5 3 54 63 14 47 50 59 24 33 22 27 64 49 40 21 39 48 15 60 17 4 34 42 31 55 25 43 62 26 1 58
48 47 56 46 45 53 52 54 55 63 62 61 60 36 3 39 7 28 26 10 18 8 57 12 21 5 13 33 41 9 58 25 35 24 16 11 50 27 22 1 44 15 19 59 17 20 2 23 4 51 6 30 64 40 34 14 43 42 49 37 29 31 38 32
46 38 47 37 29 30 32 31 39 40 48 56 64 61 3 58 59 27 9 17 2 36 60 57 14 53 28 16 34 12 42 11 20 18 21 35 50 13 23 63 52 55 4 25 43 26 51 44 33 22 19 10 54 8 45 7 1 6 49 41 24 15 5 62
29 30 28 22 21 20 12 19 27 35 36 37 38 33 17 47 49 57 1 60 52 13 2 63 53 54 55 10 46 43 64 31 34 42 11 25 26 15 59 24 23 62 4 18 32 9 40 61 6 56 50 16 58 48 3 39 51 5 14 44 7 45 8 41
36 37 35 45 44 43 41 42 34 26 27 28 29 2 9 63 52 21 55 33 19 38 23 61 24 58 57 56 48 6 1 51 12 40 25 4 39 60 20 54 5 15 10 18 14 49 16 53 3 62 11 32 17 31 46 7 64 59 50 22 13 47 30 8
36 35 37 34 26 27 20 28 29 30 22 23 24 3 46 11 58 15 48 13 16 40 41 12 7 63 17 44 61 18 31 9 39 10 52 19 38 51 54 1 49 32 57 2 62 14 25 53 4 47 60 59 42 33 50 5 55 56 6 21 45 8 43 64
53 52 45 44 43 35 27 36 37 29 30 31 39 16 58 41 9 20 21 47 28 22 19 1 48 26 12 57 11 62 51 14 61 5 2 50 64 54 3 40 55 23 59 25 10 32 6 49 7 8 13 46 24 38 4 60 42 17 34 56 63 15 33 18
35 34 36 42 43 44 53 45 37 38 46 47 55 26 29 27 5 11 16 60 9 10 63 21 13 41 54 57 31 24 15 2 6 18 61 62 25 28 12 48 33 3 22 51 17 39 8 58 1 49 52 59 20 64 14 7 32 40 4 50 19 30 23 56
44 45 36 46 38 30 22 29 28 27 35 34 26 15 49 11 8 42 64 3 25 43 6 60 37 10 50 41 33 32 39 17 4 24 61 1 59 58 40 5 14 9 47 51 63 53 31 16 19 21 13 12 2 48 20 62 18 52 55 23 56 7 57 54
37 45 29 44 36 28 19 20 21 13 12 4 5 51 7 53 47 10 25 16 56 46 34 60 61 32 39 11 64 62 40 55 58 17 6 59 8 48 15 41 57 2 30 35 26 14 52 31 23 54 24 43 50 3 38 9 63 22 1 49 33 27 42 18
11 12 10 13 21 20 27 19 18 26 34 35 36 29 42 44 49 62 31 55 38 7 57 41 58 48 56 50 22 2 63 24 59 40 60 15 30 1 23 54 52 16 4 37 9 6 46 28 32 47 14 8 5 33 53 61 17 51 64 45 3 43 39 25
15 16 14 24 23 22 30 21 13 5 6 7 8 43 56 52 44 17 12 38 47 25 50 34 62 60 58 33 64 18 63 20 32 54 59 19 3 29 27 45 42 39 11 35 48 31 37 57 2 61 49 26 9 51 46 53 4 10 55 1 41 36 40 28
52 51 53 50 42 43 36 44 45 46 38 39 40 20 37 24 47 29 1 4 23 63 54 33 2 31 32 57 8 60 13 17 9 6 27 59 18 48 41 10 55 61 22 56 11 3 49 15 21 7 16 12 25 64 35 58 19 5 62 28 30 26 34 14
55 47 63 46 45 53 52 54 62 61 60 59 58 43 27 16 11 50 56 6 3 4 29 17 37 64 42 5 21 15 36 9 35 41 34 18 23 31 39 26 44 25 57 10 49 38 14 48 8 24 28 30 32 20 33 12 2 7 51 13 22 1 19 40
10 18 2 19 20 12 13 11 3 4 5 6 14 39 17 30 28 43 21 58 42 26 33 50 53 62 63 47 22 9 48 60 51 15 23 57 32 41 56 40 59 37 61 44 54 1 55 29 36 27 24 46 7 35 34 16 49 31 45 64 25 8 38 52
45 44 37 52 53 54 62 46 38 30 29 28 20 12 64 7 63 59 56 24 49 34 9 35 3 60 40 31 11 61 5 27 58 57 4 39 32 17 10 36 14 33 55 18 23 8 6 26 42 13 1 22 50 41 48 2 15 47 21 43 16 51 19 25
39 47 31 48 40 32 16 24 23 15 7 6 5 33 28 49 50 60 17 42 41 43 59 1 61 8 30 12 2 55 19 36 9 37 46 4 58 26 10 35 3 52 20 13 45 14 44 53 63 57 54 11 22 34 29 64 21 51 38 62 18 27 56 25
29 30 37 22 21 20 19 28 36 44 45 46 38 17 16 50 1 59 25 7 53 33 5 31 23 2 56 13 15 40 60 41 52 26 39 27 12 64 3 14 55 34 57 24 35 63 58 18 9 43 48 61 51 10 49 8 4 32 62 6 47 54 42 11
43 35 51 34 33 41 49 42 50 58 59 60 61 21 8 2 15 46 44 27 55 10 17 30 25 6 29 5 26 53 36 62 56 12 23 52 64 37 45 63 48 40 22 16 20 28 31 47 14 4 39 9 19 57 7 11 32 54 38 13 1 3 24 18
26 18 34 19 27 28 37 36 35 43 44 52 51 40 49 13 23 59 7 57 41 14 56 2 24 32 58 33 22 29 64 38 15 47 1 39 54 16 6 53 5 45 60 11 8 30 3 46 17 61 4 12 25 50 42 9 31 21 10 62 63 48 20 55
55 47 54 39 38 46 37 45 53 61 60 52 44 63 27 26 56 10 34 1 59 36 23 8 11 13 40 25 5 9 35 41 7 16 2 64 58 24 29 49 42 14 28 20 30 22 12 4 6 48 17 31 50 57 21 51 43 3 18 62 33 32 19 15
52 53 44 54 46 38 45 37 36 28 29 21 20 42 14 32 50 58 18 8 15 64 63 5 57 59 47 60 49 16 24 26 31 19 3 48 34 23 27 11 1 56 55 6 41 9 40 10 43 62 12 39 2 35 61 51 30 22 4 7 25 17 33 13
20 12 21 11 19 27 35 28 29 37 38 46 45 14 22 9 47 51 33 48 53 57 50 54 58 40 59 34 4 17 1 64 44 32 49 23 2 3 31 63 43 26 10 41 18 16 25 61 62 5 39 6 55 8 52 15 30 36 13 56 60 7 24 42
