31 23 30 24 15 38 22 14 46 32 2 17 18 62 35 50 3 37 20 64 16 12 52 59 48 49 36 51 47 45 43 9 41 27 21 25 10 42 44 55 19 54 53 8 61 13 26 63 56 28 11 39 7 33 1 6 29 4 58 40 60 5 34 57
11 12 19 13 4 18 27 28 26 14 62 1 58 32 60 2 41 22 63 9 44 40 3 16 42 21 30 57 34 43 47 45 52 23 10 33 15 17 61 36 24 64 49 6 59 56 35 39 50 48 25 29 55 37 8 7 5 38 46 53 51 20 54 31
20 21 19 13 22 11 27 35 12 5 47 53 15 50 61 3 16 28 41 62 57 32 1 42 59 39 24 37 49 52 26 29 7 4 17 33 31 14 63 18 44 30 34 23 46 25 56 43 36 51 60 48 6 55 38 64 10 58 8 2 54 45 40 9
20 28 12 29 36 11 13 21 10 37 1 49 50 48 46 58 8 63 41 9 42 16 59 51 23 32 15 24 38 7 40 14 2 53 25 17 52 5 56 57 26 43 47 62 31 35 60 18 39 3 4 55 61 34 30 19 22 44 54 6 27 64 33 45
19 18 11 26 17 3 12 13 4 34 31 53 6 14 62 15 41 39 28 24 35 52 63 8 22 23 49 5 57 9 37 64 58 46 7 59 32 45 43 1 44 21 29 38 50 54 36 61 33 27 55 25 48 60 51 47 20 2 42 10 40 30 56 16
34 42 26 50 43 27 18 10 19 49 21 54 62 30 38 59 13 23 35 31 24 57 3 7 56 33 41 1 39 17 64 5 22 4 32 20 53 48 51 58 47 2 44 14 9 37 28 45 16 12 63 6 61 46 15 60 52 11 25 40 8 36 29 55
4 12 5 11 20 6 13 21 14 19 49 62 52 56 61 57 54 53 28 39 63 29 8 9 35 31 3 2 30 15 1 64 45 40 16 34 48 60 26 32 37 25 10 46 33 38 23 7 50 41 42 58 55 43 44 27 59 47 36 24 22 17 51 18
37 29 38 28 30 39 46 54 47 20 17 1 9 19 35 32 58 11 44 5 34 25 48 64 15 8 2 4 59 51 10 56 23 33 53 31 41 14 52 3 42 63 6 27 26 18 24 40 21 36 45 12 43 50 57 62 49 22 13 55 60 16 7 61
28 36 29 35 44 21 37 38 20 34 60 50 54 40 8 22 24 14 51 39 5 64 61 19 62 47 42 1 3 55 31 27 2 16 13 57 32 41 48 17 46 63 11 56 25 10 4 49 52 7 43 15 30 53 33 58 23 6 45 26 59 9 12 18
21 22 29 23 30 28 37 45 36 15 52 48 27 32 5 8 11 35 59 20 49 17 47 58 41 62 56 7 16 55 60 19 50 43 44 18 10 46 2 4 24 13 61 25 54 1 31 64 42 14 63 51 33 3 6 34 38 12 39 9 26 57 53 40
28 29 36 30 21 37 44 52 38 22 41 4 24 19 45 18 17 3 5 32 14 57 1 23 55 34 10 46 13 33 47 61 64 25 40 6 16 27 12 54 31 7 59 62 56 26 58 9 48 60 8 51 53 39 49 42 15 2 35 43 63 50 11 20
19 11 27 12 10 28 26 34 29 20 48 3 55 57 9 47 14 60 62 1 23 50 40 63 16 45 4 25 59 15 35 43 64 52 21 44 32 54 13 6 30 8 5 24 17 61 42 46 22 33 31 56 36 7 37 2 58 39 41 38 51 18 53 49
55 54 47 46 53 39 48 40 31 45 23 58 32 50 33 12 8 26 36 24 13 17 41 22 27 5 9 4 1 59 30 63 43 15 2 20 7 18 49 60 62 10 56 35 38 14 51 19 16 21 6 28 37 34 25 57 29 11 64 61 52 44 3 42
28 20 29 21 19 30 37 45 31 22 39 43 38 60 4 14 34 61 32 3 47 26 16 10 41 24 12 11 15 42 18 27 56 59 25 1 46 52 48 36 17 33 53 58 6 35 51 8 5 55 13 23 54 62 7 57 64 50 40 44 63 49 9 2
27 28 35 29 20 34 36 44 33 37 59 64 4 50 1 52 23 31 5 56 60 10 49 15 41 21 46 18 38 57 2 8 32 45 11 40 62 7 12 61 43 14 48 9 30 39 13 6 22 63 24 53 3 26 55 51 19 42 17 25 58 54 47 16
38 39 37 31 40 36 45 44 35 32 15 58 47 27 19 13 61 43 17 59 33 6 4 1 55 18 51 16 9 49 42 12 11 7 63 60 26 52 25 62 22 10 2 48 41 24 20 53 46 5 64 56 28 21 50 8 29 57 30 34 23 54 3 14
37 36 45 35 28 44 53 54 43 34 10 31 62 59 58 57 25 15 40 11 26 42 39 29 21 32 30 1 47 61 3 5 16 23 13 50 46 22 2 14 18 52 20 64 9 63 56 49 12 41 33 17 48 24 51 6 38 7 55 19 60 4 27 8
34 42 35 50 41 36 27 19 28 51 53 60 40 64 5 61 43 9 59 12 63 2 3 13 55 32 49 44 31 24 20 23 48 6 33 14 21 16 39 4 22 62 46 54 25 58 18 17 56 8 11 15 7 1 47 30 26 38 52 10 45 29 57 37
21 22 20 23 30 12 28 29 11 15 58 57 4 1 16 25 2 18 60 64 46 55 19 49 42 37 51 48 52 62 13 10 3 45 27 6 40 47 26 7 9 33 36 39 43 63 32 44 56 54 50 35 24 8 34 53 17 14 31 61 41 5 38 59
28 29 36 21 30 35 37 38 43 20 50 16 26 8 62 32 60 55 4 41 1 33 19 45 63 24 49 53 15 34 31 5 10 58 59 57 18 11 56 40 2 52 61 64 23 14 17 25 44 54 27 13 39 48 51 46 6 42 47 12 7 3 22 9
12 11 20 10 3 21 28 36 29 9 18 46 43 59 48 60 53 38 23 63 39 57 58 34 44 61 41 6 2 15 33 35 32 40 54 37 5 14 62 8 64 51 4 1 50 45 25 24 49 13 47 56 30 17 22 55 52 31 19 7 26 16 42 27
28 29 20 30 37 12 21 22 11 38 53 58 13 16 46 62 14 34 9 6 55 25 40 33 43 52 1 32 63 51 57 24 5 60 2 41 15 36 49 47 8 45 27 44 31 19 18 4 50 64 10 54 7 59 56 42 17 23 3 48 39 26 61 35
30 38 22 37 39 14 21 20 13 36 8 41 7 27 62 48 49 40 4 1 52 55 19 64 9 59 6 53 10 34 18 43 63 35 25 16 11 28 23 46 42 51 45 33 58 56 17 57 54 47 12 15 5 26 3 2 44 32 29 61 50 24 60 31
36 28 37 27 20 38 29 30 46 19 14 54 39 50 18 35 52 4 57 51 10 15 48 16 3 61 7 63 43 2 1 62 41 17 44 23 60 53 64 8 11 9 33 12 13 56 45 55 25 42 47 59 32 21 22 31 40 26 5 24 49 34 58 6
27 19 35 11 18 43 34 42 51 12 15 29 56 54 4 3 58 22 14 24 61 13 40 16 63 50 28 49 38 5 25 37 2 39 8 62 53 52 9 21 36 64 41 45 10 7 33 6 26 30 23 60 55 48 59 31 1 20 44 17 32 46 57 47
28 20 36 19 21 35 44 45 43 18 41 60 12 42 56 6 40 49 59 23 22 33 3 26 7 11 5 25 15 34 64 9 10 37 48 52 39 61 1 27 51 4 57 58 32 8 17 50 13 46 14 38 2 47 16 62 31 63 30 24 29 54 53 55
29 28 30 27 36 38 31 32 37 35 13 7 54 56 14 40 59 60 45 24 42 2 63 26 33 57 3 55 52 25 21 43 64 15 47 51 48 20 19 61 50 11 12 4 16 10 1 49 53 5 44 8 34 9 6 18 39 17 46 62 41 22 23 58
18 10 26 11 2 27 34 42 28 3 4 39 22 7 41 16 8 25 63 14 64 5 61 52 20 51 1 57 29 12 60 46 36 59 53 9 19 37 31 33 58 40 23 62 30 32 48 6 50 56 44 13 49 15 35 43 45 38 55 47 17 54 24 21
11 10 19 2 18 27 20 28 35 3 54 39 57 5 32 47 51 50 34 16 4 62 48 1 40 53 64 36 45 52 33 23 44 21 43 55 46 37 38 12 59 22 7 49 17 31 13 41 60 9 8 63 30 26 14 29 25 58 24 15 61 6 56 42
30 29 22 21 37 14 23 31 15 20 49 57 55 26 39 52 44 54 33 17 32 4 25 59 51 5 47 40 12 50 8 36 18 6 24 11 13 35 62 38 9 43 27 10 64 19 46 53 16 60 61 34 45 28 1 7 48 41 58 63 2 42 56 3
