10 6 11 5 7 15 12 8 16 1 9 13 4 14 3 2
6 7 5 11 8 9 1 2 13 10 16 4 3 14 12 15
6 7 5 11 3 9 1 2 13 12 10 16 15 14 8 4
7 8 6 12 4 5 10 11 1 16 2 13 3 15 14 9
10 6 11 7 2 12 15 14 16 8 13 9 5 1 3 4
7 3 11 2 4 15 12 16 14 6 9 5 10 8 13 1
6 10 7 14 9 8 11 15 4 13 5 3 16 1 12 2
6 10 2 11 9 3 1 5 4 7 16 14 13 12 8 15
9 5 10 6 1 14 11 15 13 2 8 3 7 12 16 4
7 3 6 4 2 10 5 1 14 8 15 11 13 9 16 12
10 14 6 15 13 5 2 3 9 11 7 16 12 4 8 1
10 9 11 5 13 15 12 8 16 6 2 7 4 3 14 1
11 7 10 8 3 14 6 2 13 12 1 16 9 5 15 4
11 10 7 6 14 8 3 4 12 2 1 5 16 9 15 13
7 6 8 10 5 4 12 11 3 14 9 13 2 16 15 1
11 10 7 9 14 6 8 12 5 13 1 3 15 16 2 4
6 2 10 3 1 9 11 12 13 7 16 8 5 4 14 15
6 5 7 9 1 11 8 4 15 13 14 10 12 3 16 2
10 6 11 2 5 12 15 14 16 1 9 8 4 13 3 7
2 6 3 10 5 7 4 8 11 14 16 15 9 13 12 1
7 6 11 2 5 12 10 14 8 1 4 3 13 16 15 9
6 7 10 11 3 14 9 5 13 12 4 1 16 8 2 15
10 6 11 2 7 12 15 14 8 3 9 16 1 13 5 4
6 10 2 11 9 3 1 5 4 7 13 8 16 15 12 14
12 11 8 15 10 7 4 3 6 16 1 13 5 2 9 14
7 8 6 12 4 5 10 9 1 11 3 15 16 2 14 13
6 7 10 3 8 11 9 5 15 2 12 1 16 13 14 4
10 14 6 15 13 7 5 1 3 16 12 4 8 11 9 2
6 5 7 9 1 3 11 12 2 13 10 8 14 16 4 15
11 7 10 3 6 9 14 15 5 4 13 16 8 12 2 1
