10 14 15 11 5 9 1 2 6 7 3 4 13 16 12 8
10 9 5 1 11 15 8 4 3 2 6 7 12 14 13 16
7 8 12 11 3 4 6 5 9 10 14 15 2 16 13 1
5 9 10 11 6 2 7 8 12 15 14 13 16 3 4 1
7 8 12 16 6 2 10 11 15 14 13 9 3 5 4 1
9 10 11 12 13 14 5 6 7 8 4 3 16 1 15 2
6 2 3 7 5 1 9 13 14 11 12 8 4 16 10 15
12 11 10 9 8 7 4 3 6 5 1 2 13 15 14 16
15 16 8 4 14 13 10 11 7 3 2 1 6 9 12 5
11 12 8 7 10 9 6 5 1 2 3 4 16 15 13 14
5 1 2 3 6 10 7 8 12 11 15 16 9 4 13 14
5 9 13 14 6 2 7 11 10 15 16 12 4 8 1 3
7 3 4 8 11 12 10 9 5 6 2 1 15 14 13 16
10 11 12 8 9 13 5 6 7 3 2 1 16 4 15 14
3 2 1 5 11 15 12 8 7 6 10 9 16 4 13 14
6 2 1 5 7 3 8 12 11 9 13 14 10 4 15 16
10 9 5 6 11 15 12 8 7 3 2 1 14 13 4 16
3 4 8 7 2 1 5 9 10 11 12 16 15 14 13 6
13 9 5 1 15 14 11 10 6 2 3 7 12 8 4 16
14 13 9 1 15 16 11 7 3 2 6 10 5 4 12 8
11 12 16 15 7 8 3 2 6 10 9 13 1 4 5 14
11 10 9 5 15 14 16 12 8 7 6 2 1 3 13 4
14 13 9 5 10 11 6 2 3 7 8 4 16 1 15 12
5 9 10 11 6 2 7 8 12 15 14 13 1 16 3 4
9 13 14 15 5 1 6 10 11 7 3 2 8 16 12 4
9 5 6 7 10 14 11 3 4 8 12 16 13 15 2 1
7 8 12 16 6 2 5 9 13 15 11 10 3 4 1 14
7 3 2 1 15 11 14 10 6 5 9 13 4 8 16 12
4 3 2 5 8 12 7 6 10 9 13 14 1 16 15 11
5 9 10 11 6 2 7 15 16 12 8 4 13 3 1 14
