29 27 11 36 18 28 19 20 26 35 34 33 42 47 40 52 32 57 37 55 8 6 41 9 44 7 13 64 22 1 16 46 3 56 23 50 58 10 24 53 21 12 48 51 38 54 59 14 17 49 63 43 30 31 60 15 39 2 45 4 61 25 5 62
48 46 37 62 44 38 47 39 45 54 53 61 52 50 19 2 8 11 40 56 41 58 5 15 29 32 12 57 20 59 49 28 7 63 22 4 14 51 55 9 21 31 26 30 18 24 35 1 25 10 17 43 34 42 36 13 33 60 6 27 23 64 16 3
18 27 43 11 36 19 28 20 26 35 34 33 42 21 57 58 64 13 5 30 48 17 2 55 22 62 8 40 29 41 6 23 46 63 60 61 45 51 52 47 14 15 44 37 39 1 16 31 59 38 12 9 10 50 56 7 54 49 3 53 4 24 32 25
36 20 13 4 22 12 19 11 28 21 29 37 30 31 46 16 59 32 49 38 17 41 40 23 55 3 63 47 61 56 33 42 5 45 58 7 24 6 52 43 1 25 53 10 15 39 8 51 64 44 2 18 35 26 57 60 34 62 54 50 27 48 9 14
29 36 34 38 52 28 35 27 44 37 45 46 53 50 1 42 6 15 41 61 54 58 60 11 26 19 3 2 39 8 10 14 24 55 40 30 23 4 25 57 17 16 7 62 48 63 43 20 12 56 47 32 21 33 9 5 49 64 13 18 31 59 51 22
22 38 31 54 40 46 39 47 37 30 29 28 21 48 34 52 7 32 51 50 20 8 14 16 11 2 44 49 63 62 12 56 35 4 55 15 58 17 27 3 9 33 57 10 61 43 19 25 6 64 36 42 41 18 24 60 13 26 1 53 5 45 59 23
13 11 18 4 9 3 10 2 12 19 20 28 21 55 64 37 50 39 14 15 45 54 40 22 6 44 17 26 33 38 59 8 52 41 61 57 25 49 63 16 32 35 48 56 7 53 1 46 31 62 23 51 42 29 58 30 47 36 60 5 34 43 24 27
50 43 27 36 59 51 44 52 35 42 34 26 33 55 8 56 2 5 17 64 16 48 10 18 4 9 20 7 13 54 61 1 47 24 21 40 60 6 30 39 12 58 38 3 37 19 25 14 46 32 11 45 41 22 57 63 23 15 49 28 31 53 62 29
36 52 59 54 45 53 60 61 44 51 43 42 35 30 25 29 64 4 34 9 3 10 2 26 13 23 27 58 12 47 19 20 37 57 40 32 15 17 49 1 63 56 28 5 22 41 33 46 7 6 14 21 55 62 31 38 48 11 18 50 24 39 16 8
30 46 44 48 62 45 38 37 54 47 55 56 63 60 34 6 49 22 33 61 8 52 29 2 28 17 31 7 11 10 51 21 3 18 14 4 24 23 58 42 36 57 12 19 41 50 13 32 1 64 16 59 26 15 27 9 43 25 39 5 53 20 35 40
37 28 44 12 30 29 20 21 27 36 35 43 34 45 25 33 59 31 17 63 15 39 14 56 11 2 57 58 23 51 52 9 10 16 50 18 41 60 3 32 5 24 53 4 40 13 48 46 26 49 8 6 61 19 62 47 38 42 64 55 1 22 7 54
29 13 22 4 15 5 14 6 12 21 20 28 19 1 52 54 57 26 18 49 61 59 51 41 47 35 58 33 42 45 3 23 27 36 37 25 31 2 44 64 30 56 7 34 39 62 17 32 40 24 46 50 48 63 10 43 16 9 38 55 8 53 11 60
21 23 7 30 39 24 31 32 15 22 14 6 13 64 19 2 62 11 12 60 63 20 26 17 56 52 35 1 41 34 9 55 37 49 27 44 33 42 18 4 38 8 40 50 58 57 25 45 29 51 10 46 53 43 54 36 48 28 61 16 5 47 3 59
34 43 41 45 27 35 44 36 51 42 50 49 58 62 25 7 11 19 56 13 20 33 18 24 38 30 12 29 48 39 60 54 57 10 4 22 31 55 46 6 40 37 32 16 61 28 59 3 8 64 1 47 53 26 21 9 2 23 17 15 63 5 14 52
28 30 32 14 46 38 31 39 29 22 21 13 20 36 4 55 19 35 33 50 53 2 61 59 15 27 47 63 48 45 24 44 18 56 9 40 34 25 49 58 51 54 5 42 3 62 64 12 1 52 6 43 10 17 41 11 60 16 37 26 57 23 7 8
47 38 29 22 36 30 39 31 37 46 45 53 44 54 40 12 26 14 19 10 28 42 1 50 55 13 49 51 27 17 41 63 32 62 24 52 8 59 3 60 64 58 43 23 9 15 25 48 5 56 33 2 6 4 7 61 18 20 16 57 35 21 11 34
34 36 52 20 29 28 35 27 44 37 45 53 46 26 40 7 25 30 43 9 63 1 49 15 55 61 62 14 58 48 10 57 12 38 24 21 13 41 3 18 11 6 32 19 42 4 47 50 51 5 59 2 31 16 54 64 39 23 33 56 8 17 22 60
3 19 17 10 35 18 27 26 20 11 12 4 13 38 41 32 34 16 54 57 60 44 7 49 50 14 63 47 22 46 43 2 5 28 53 55 31 58 59 48 24 1 21 8 36 62 56 23 33 6 30 51 64 52 9 42 29 45 25 61 15 40 39 37
53 37 44 21 35 36 29 28 38 45 46 47 54 18 25 49 59 3 27 33 63 19 52 10 48 23 50 2 32 60 51 11 62 16 24 56 14 26 42 4 1 55 17 61 20 13 9 5 7 31 12 41 34 64 22 58 39 57 40 43 8 30 15 6
37 35 51 19 44 27 36 28 34 43 42 41 50 38 22 55 49 23 63 11 53 6 59 24 8 58 21 64 3 39 18 57 4 32 31 16 46 10 7 47 13 29 60 25 48 52 14 15 9 20 56 2 30 26 12 5 62 40 33 1 17 61 45 54
53 44 60 28 46 45 36 37 43 52 51 59 50 55 25 5 10 8 2 49 47 22 6 64 48 1 27 63 13 41 62 31 23 39 12 33 38 15 24 30 9 58 29 32 56 42 54 16 14 18 3 7 17 20 11 57 19 40 21 61 26 35 34 4
46 53 55 60 37 61 54 62 52 45 44 36 43 15 39 21 40 38 49 2 6 4 50 47 41 25 63 22 3 23 14 51 9 32 27 5 59 8 13 17 10 29 57 28 56 64 12 16 19 11 18 30 35 34 58 42 26 48 31 1 7 24 33 20
59 43 41 27 50 35 42 34 44 51 52 60 53 63 17 14 48 62 20 11 37 3 5 26 30 61 40 58 46 25 24 57 29 15 32 28 6 64 33 12 23 49 9 16 54 38 47 56 19 39 1 45 10 36 18 8 21 13 55 7 31 4 2 22
45 52 54 50 59 53 60 61 51 44 43 42 35 31 19 16 26 6 17 48 34 40 18 15 25 49 10 12 62 22 24 14 64 8 47 56 1 5 27 63 57 55 4 32 7 38 21 46 33 30 37 23 39 41 9 28 3 36 13 58 20 11 2 29
29 38 36 40 47 37 46 45 30 39 31 32 23 48 20 27 62 58 63 13 53 16 5 55 64 10 41 21 1 25 3 2 7 56 26 54 18 61 50 24 42 17 11 35 51 6 43 59 34 52 57 4 60 28 8 12 49 19 22 14 9 33 15 44
45 43 50 59 36 44 51 52 42 35 34 33 26 47 19 18 31 55 61 17 53 5 29 60 63 64 38 28 57 7 20 54 15 48 49 16 39 10 30 22 25 62 9 23 14 1 21 12 27 4 56 40 13 6 46 41 58 11 32 24 37 8 3 2
3 19 26 21 12 20 27 28 11 18 10 2 9 24 58 43 36 8 59 55 42 51 32 13 48 45 7 63 47 49 54 52 50 57 61 34 25 39 15 41 23 38 31 17 35 4 62 16 5 53 60 14 6 29 64 1 22 46 56 40 37 44 30 33
25 27 43 34 29 26 19 18 35 28 36 44 37 53 31 10 59 46 30 41 16 24 4 50 6 32 63 55 40 45 58 47 21 14 15 56 7 9 60 17 22 57 13 61 64 5 54 52 38 12 33 62 49 23 20 1 11 3 39 2 48 42 8 51
19 12 5 10 14 4 11 3 20 13 21 22 29 7 8 35 44 58 26 9 36 46 18 15 54 51 24 43 47 57 30 49 64 27 1 48 62 55 56 41 60 25 37 45 63 52 40 50 16 23 38 34 42 2 17 6 32 28 53 33 31 59 39 61
34 27 20 11 43 19 26 18 35 28 36 37 44 22 12 33 4 14 56 64 32 30 50 51 61 58 54 42 16 17 38 3 48 13 63 40 41 2 1 62 9 23 60 45 15 53 6 10 21 52 39 5 8 25 47 55 29 57 7 24 31 46 49 59
