7 5 12 4 6 13 20 14 21 22 56 25 61 43 62 15 16 41 53 11 17 51 10 19 36 33 8 18 27 55 34 39 30 26 47 9 2 38 40 57 1 45 37 42 24 64 23 58 48 3 54 32 59 29 28 52 60 50 35 46 63 49 44 31
20 21 29 38 19 28 37 27 36 35 8 23 58 40 56 44 50 13 5 3 12 32 10 7 62 22 52 39 42 43 49 34 17 33 61 6 64 54 15 46 25 51 18 47 31 41 11 2 57 30 24 26 60 4 45 1 9 53 16 55 14 48 59 63
18 20 21 29 19 28 37 27 36 35 25 42 45 38 30 48 53 3 15 49 41 5 16 40 32 22 52 26 34 64 6 11 50 13 44 57 8 17 23 51 1 55 9 46 24 59 10 56 14 58 61 54 33 43 7 39 60 2 47 4 12 63 62 31
47 45 44 52 46 53 60 54 61 62 26 64 63 22 8 12 34 31 18 13 42 16 17 15 10 9 33 51 23 11 28 2 50 36 25 24 57 40 21 41 14 32 7 4 59 1 5 6 30 49 58 43 29 38 19 55 35 37 27 39 3 48 56 20
28 29 22 15 37 30 23 38 31 39 61 11 41 52 33 1 64 10 59 50 54 53 6 32 51 47 18 40 58 42 35 55 27 46 5 34 43 21 7 24 3 25 16 20 17 9 12 13 2 63 19 62 44 36 49 57 14 56 8 4 48 26 60 45
50 42 33 41 43 34 25 35 26 27 2 12 23 19 36 60 4 61 45 57 13 9 54 49 6 7 20 56 28 5 48 44 62 14 59 30 64 1 10 37 51 46 21 15 18 24 58 29 38 63 52 16 8 47 17 31 3 40 53 11 55 32 22 39
19 20 27 43 21 28 35 29 36 37 7 58 32 33 23 46 6 59 45 14 26 62 18 34 61 64 51 44 41 24 63 10 47 1 40 4 54 57 8 9 15 50 12 13 30 42 38 39 48 17 25 16 2 53 31 60 55 52 56 3 49 5 22 11
29 28 35 36 20 27 34 19 26 18 7 59 30 61 11 41 12 49 46 5 50 47 38 17 44 33 43 56 58 15 62 55 4 16 42 45 51 63 2 22 40 39 32 9 54 24 37 21 1 52 64 57 6 23 53 25 31 10 48 8 60 3 14 13
29 28 20 11 30 21 12 22 13 14 51 16 46 25 58 64 19 39 44 32 26 61 24 55 62 5 42 60 63 8 49 59 41 3 18 36 38 10 4 34 15 40 33 2 57 45 56 9 48 53 17 47 35 31 50 43 37 1 23 6 27 54 52 7
44 35 34 26 36 27 18 28 19 20 10 7 4 47 51 45 63 50 48 40 46 24 59 58 31 37 16 42 43 25 3 62 41 60 9 5 22 52 64 12 8 55 57 13 54 33 6 2 61 56 23 15 38 21 1 17 30 49 53 11 32 14 39 29
39 31 30 28 47 38 29 46 37 45 33 8 55 58 49 20 63 27 2 36 11 16 59 50 51 23 61 42 19 3 18 25 57 32 21 22 35 44 41 24 15 4 54 64 62 26 14 52 48 7 13 53 1 60 10 43 17 5 40 34 12 56 6 9
21 29 30 32 13 22 31 14 23 15 33 53 61 57 41 49 5 43 58 45 46 50 18 51 16 27 36 11 44 48 35 64 20 59 34 55 2 54 3 17 24 1 52 9 39 10 37 6 60 28 47 4 56 26 7 62 38 40 8 12 25 42 19 63
47 39 38 30 55 46 37 54 45 53 36 6 43 32 19 41 5 11 34 21 61 18 9 8 1 29 56 62 40 7 4 49 51 25 20 3 31 24 26 13 27 23 14 16 48 50 52 42 64 12 35 28 17 15 22 57 2 33 10 63 44 58 59 60
52 44 43 34 60 51 42 59 50 58 11 23 7 31 28 27 3 17 9 61 49 6 56 41 39 24 64 21 35 20 33 2 30 45 22 13 10 1 38 32 53 26 47 55 8 37 4 18 12 62 25 19 54 14 36 46 63 57 16 48 29 40 15 5
52 53 46 38 61 54 47 62 55 63 64 28 17 10 56 32 49 22 41 48 43 15 18 4 40 6 50 29 37 2 42 21 58 20 14 3 30 51 25 5 59 19 31 44 24 16 9 12 13 45 57 1 35 23 60 36 39 11 7 26 27 34 8 33
22 23 31 47 21 30 39 29 38 37 25 52 58 26 34 64 45 12 11 54 27 18 44 16 41 49 59 48 4 28 63 57 56 53 17 2 50 15 55 19 40 14 6 10 43 62 61 3 33 8 51 36 42 20 46 7 32 13 35 9 24 1 5 60
31 39 40 48 38 47 56 46 55 54 18 37 22 36 2 13 20 26 63 7 57 9 50 32 19 1 15 8 4 29 16 61 52 41 27 45 62 12 25 24 28 59 33 60 3 14 43 53 42 64 34 17 21 30 51 11 35 58 10 5 49 6 44 23
37 45 52 51 46 53 60 54 61 62 11 15 9 12 31 40 33 1 14 2 57 35 7 10 23 22 25 28 24 5 18 26 3 38 55 58 49 56 32 59 6 41 20 48 17 4 63 29 39 27 8 43 34 42 30 19 21 16 44 36 64 13 50 47
38 54 62 61 46 53 60 45 52 44 56 21 63 30 58 27 37 25 18 11 8 64 19 47 57 48 32 1 49 16 12 41 17 4 22 23 39 15 7 59 36 31 10 42 34 6 50 40 26 35 29 33 14 24 20 51 43 5 55 28 3 2 13 9
46 37 29 28 45 36 27 44 35 43 25 49 13 52 30 19 62 1 61 26 34 48 64 23 8 7 15 57 38 14 56 42 6 21 47 41 54 53 60 63 24 51 9 16 50 17 4 20 58 10 22 39 2 32 12 11 3 18 59 31 40 55 33 5
12 11 19 35 13 20 27 21 28 29 30 55 17 64 44 58 62 39 18 63 45 16 31 9 32 54 60 24 1 46 25 33 43 7 41 53 6 50 61 36 10 47 8 52 23 48 4 3 42 40 51 59 14 34 49 56 57 22 38 15 2 37 26 5
21 29 30 39 13 22 31 14 23 15 3 56 54 55 1 8 44 49 24 43 19 48 33 63 28 62 36 2 34 61 16 32 50 9 18 42 17 51 6 41 53 4 38 60 40 58 35 52 64 26 46 37 45 25 20 7 11 59 5 27 12 10 57 47
27 29 22 23 28 21 14 20 13 12 7 47 37 38 46 58 33 59 26 55 51 42 63 40 52 10 64 17 8 50 48 9 32 44 19 11 1 61 16 4 54 24 36 53 41 56 3 62 39 25 45 2 6 30 60 31 57 35 5 49 15 43 18 34
36 35 28 12 34 27 20 26 19 18 61 48 6 50 60 23 25 16 32 56 37 39 9 4 10 55 44 49 21 52 13 45 22 30 11 5 58 15 38 1 57 63 53 59 29 40 7 14 31 54 8 24 2 3 33 64 43 62 41 51 42 46 47 17
53 45 46 38 61 54 47 62 55 63 9 8 50 21 2 27 43 25 60 20 40 57 58 31 22 14 51 5 18 6 28 23 24 33 37 56 41 10 26 29 42 64 34 1 11 52 19 12 35 15 36 32 30 59 17 7 16 49 3 4 44 39 48 13
22 30 39 31 29 38 47 37 46 45 63 5 55 56 42 59 23 13 41 40 33 20 18 57 4 1 10 26 64 52 21 60 3 35 17 53 49 8 25 24 51 54 27 62 32 50 19 43 44 9 12 34 2 48 61 15 7 28 14 58 16 36 11 6
52 36 27 25 44 35 26 43 34 42 39 48 29 15 7 61 47 54 53 63 30 32 57 9 40 46 55 28 23 5 18 3 6 4 33 12 49 1 37 41 62 56 50 22 20 14 16 59 8 10 38 60 2 58 45 24 11 51 13 21 19 64 17 31
45 46 54 55 44 53 62 52 61 60 17 33 10 48 16 29 43 51 12 35 19 7 42 1 6 13 38 26 21 24 25 11 4 31 39 57 56 41 32 8 18 22 34 30 15 59 47 2 23 28 50 3 20 5 58 64 37 63 14 9 36 49 27 40
21 19 26 42 20 27 34 28 35 36 47 8 14 17 49 58 31 10 24 51 1 63 18 50 30 7 55 38 64 2 33 3 48 53 41 9 15 22 43 4 57 39 62 5 16 54 46 56 23 52 25 40 60 45 6 12 11 32 61 44 37 29 13 59
27 28 20 21 36 29 22 37 30 38 32 14 24 6 31 42 61 51 43 55 19 18 17 16 2 5 45 1 25 52 12 59 47 57 64 23 3 46 53 40 8 48 35 50 13 44 4 9 49 41 54 11 63 39 10 34 26 56 58 33 7 60 62 15
