14 13 15 9 10 6 2 7 11 12 8 4 3 16 1 5
9 13 5 14 15 11 12 10 6 7 8 4 3 2 1 16
6 5 7 9 10 11 16 12 8 4 3 2 1 13 15 14
14 15 10 16 12 11 8 7 6 2 1 5 9 4 3 13
6 5 7 9 13 14 15 10 11 12 8 4 3 1 2 16
15 16 11 12 8 7 3 6 10 14 13 9 5 4 2 1
2 3 6 4 8 12 7 11 10 14 13 9 5 16 15 1
10 11 6 15 16 12 4 8 7 3 2 1 5 14 9 13
10 14 6 15 11 7 8 3 2 1 5 9 13 16 4 12
7 3 11 2 6 5 1 9 10 14 15 16 12 8 13 4
6 7 10 8 12 11 16 15 14 13 9 5 1 2 4 3
11 12 7 8 4 3 1 2 6 10 14 15 16 5 9 13
10 14 11 15 16 12 4 8 7 6 5 1 2 13 3 9
6 2 7 1 5 9 13 10 11 12 8 4 3 15 14 16
8 4 12 3 2 6 5 7 11 10 14 13 9 16 15 1
11 12 7 16 15 14 9 10 6 2 3 4 8 5 13 1
7 3 6 2 1 5 13 9 10 11 15 16 12 4 14 8
11 12 10 8 7 6 1 5 9 13 14 15 16 4 2 3
6 5 10 9 13 14 16 15 11 7 3 2 1 4 12 8
11 12 10 8 7 3 4 2 6 5 9 13 14 15 1 16
6 2 7 3 4 8 16 12 11 10 9 5 1 14 15 13
7 3 11 2 6 10 9 14 15 16 12 8 4 5 13 1
6 5 10 9 13 14 16 15 11 7 3 4 8 2 12 1
7 8 6 12 11 10 14 9 5 1 2 3 4 15 13 16
15 16 11 12 8 4 2 3 7 6 10 9 13 1 14 5
6 5 10 9 13 14 16 15 11 7 3 2 1 12 4 8
4 3 8 2 6 10 7 11 12 16 15 14 13 9 1 5
13 14 9 10 11 7 8 6 5 1 2 3 4 16 12 15
11 12 7 16 15 14 9 10 6 5 1 2 3 4 8 13
7 8 11 4 3 2 5 6 10 14 15 16 12 13 9 1
