8 7 10 11 3 6 9 2 5 1 15 4 16 12 14 13
4 7 10 6 8 11 14 12 15 16 1 3 9 5 2 13
2 3 6 9 4 7 10 8 11 12 5 13 15 1 16 14
1 9 14 16 5 10 15 6 11 7 13 4 8 2 3 12
2 10 15 14 6 11 16 7 12 8 9 13 4 5 3 1
8 12 11 15 4 7 10 3 6 2 1 5 16 14 13 9
14 10 7 8 9 6 3 5 2 1 15 12 13 16 4 11
6 7 10 9 8 11 14 12 15 16 2 1 5 3 4 13
12 8 7 5 16 11 6 15 10 14 1 4 13 2 9 3
14 11 12 8 10 7 4 6 3 2 13 5 9 15 16 1
4 7 10 6 8 11 14 12 15 16 1 3 13 5 2 9
12 11 15 14 7 10 13 6 9 5 3 16 8 4 2 1
7 11 6 1 15 10 5 14 9 13 4 16 3 2 12 8
12 7 2 3 11 6 1 10 5 9 16 8 14 4 15 13
13 5 1 2 9 6 3 10 7 11 4 12 15 16 14 8
5 9 6 8 13 10 7 14 11 15 1 12 4 3 16 2
3 2 7 15 1 6 11 5 10 9 14 16 4 13 8 12
14 6 3 2 10 7 4 11 8 12 9 15 1 13 16 5
12 11 15 14 7 10 13 6 9 5 3 8 4 2 16 1
1 9 14 16 5 10 15 6 11 7 3 12 13 4 2 8
9 10 7 3 14 11 8 15 12 16 2 4 6 1 13 5
6 7 11 16 5 10 15 9 14 13 1 4 8 3 12 2
3 7 10 13 8 11 14 12 15 16 9 1 5 4 6 2
11 7 10 14 3 6 9 2 5 1 16 13 15 8 4 12
2 3 7 8 1 6 11 5 10 9 15 12 16 13 4 14
16 11 10 6 12 7 2 8 3 4 13 1 9 15 14 5
8 7 10 14 3 6 9 2 5 1 13 12 4 11 16 15
4 12 15 16 8 11 14 7 10 6 9 5 1 2 13 3
13 15 12 4 14 11 8 10 7 6 1 9 5 2 16 3
9 5 10 14 1 6 11 2 7 3 12 15 4 8 13 16
4 7 11 10 3 6 9 2 5 1 8 14 12 16 15 13
9 5 10 14 1 6 11 2 7 3 13 16 4 12 15 8
3 2 6 9 4 7 10 8 11 12 1 15 13 5 14 16
15 7 2 3 11 6 1 10 5 9 4 14 8 13 12 16
4 12 16 15 8 11 14 7 10 6 3 9 1 2 5 13
9 10 7 4 14 11 8 15 12 16 13 1 2 6 5 3
8 7 11 10 3 6 9 2 5 1 16 12 4 13 14 15
15 11 6 1 12 7 2 8 3 4 13 16 9 10 14 5
7 6 11 16 5 10 15 9 14 13 1 8 2 4 3 12
5 6 11 15 2 7 12 3 8 4 13 1 14 10 16 9
14 10 5 9 11 6 1 7 2 3 12 16 15 4 8 13
14 10 7 8 9 6 3 5 2 1 15 4 16 13 11 12
13 10 11 7 9 6 3 5 2 1 12 16 15 14 8 4
9 5 6 2 13 10 7 14 11 15 4 3 1 16 12 8
13 14 9 1 15 10 5 11 6 7 4 16 2 8 3 12
12 8 7 3 16 11 6 15 10 14 1 9 4 5 2 13
2 3 6 5 4 7 10 8 11 12 1 13 14 9 16 15
5 6 11 10 2 7 12 3 8 4 14 13 9 15 16 1
14 15 10 9 16 11 6 12 7 8 1 3 13 2 4 5
6 7 10 9 8 11 14 12 15 16 1 5 3 13 2 4