13 9 5 1 10 6 2 11 7 12 14 15 16 4 8 3
14 10 5 1 11 6 2 7 3 4 15 12 8 9 13 16
5 10 15 16 6 11 12 7 8 4 1 2 3 9 14 13
1 5 9 13 6 10 14 7 11 8 2 3 4 16 15 12
1 5 9 13 6 10 14 7 11 8 2 3 4 12 15 16
8 11 14 13 7 10 9 6 5 1 4 3 2 15 16 12
9 10 15 16 6 11 12 7 8 4 5 2 3 1 13 14
2 7 12 16 6 11 15 10 14 13 1 5 9 4 3 8
12 7 2 1 11 6 5 10 9 13 16 15 14 3 8 4
8 11 14 13 7 10 9 6 5 1 4 3 2 16 12 15
16 15 14 13 11 10 9 7 6 3 12 8 4 5 1 2
13 9 5 1 10 6 2 7 3 8 14 11 12 16 4 15
13 9 5 1 10 6 2 7 3 8 14 11 12 16 4 15
2 7 12 16 6 11 15 10 14 13 1 5 9 4 3 8
16 15 14 13 11 10 9 7 6 3 12 8 4 2 1 5
12 11 14 13 7 10 9 6 5 1 8 3 2 4 16 15
12 7 2 1 11 6 5 10 9 13 16 15 14 4 8 3
1 5 9 13 6 10 14 7 11 12 2 3 8 15 16 4
13 9 5 1 10 6 2 11 7 12 14 15 16 8 3 4
16 12 8 4 11 7 3 10 6 9 15 14 13 1 5 2
13 14 15 16 10 11 12 6 7 2 9 5 1 8 3 4
15 10 5 1 11 6 2 7 3 4 16 12 8 13 14 9
1 2 3 4 6 7 8 10 11 14 5 9 13 16 12 15
5 10 15 16 6 11 12 7 8 4 1 2 3 14 9 13
4 3 2 1 7 6 5 11 10 14 8 12 15 13 16 9
3 6 9 13 7 10 14 11 15 16 4 8 12 5 2 1
3 7 12 16 6 11 15 10 14 13 2 5 9 8 1 4
16 15 14 13 11 10 9 7 6 3 12 8 4 5 2 1
8 11 14 13 7 10 9 6 5 1 4 3 2 15 16 12
9 14 15 16 10 11 12 7 8 4 5 6 3 13 1 2
16 15 14 13 11 10 9 6 5 2 12 7 3 4 1 8
13 14 15 16 10 11 12 6 7 3 9 5 2 4 1 8
14 10 5 1 11 6 2 7 3 4 15 12 8 13 9 16
15 11 8 4 10 7 3 6 2 1 14 9 5 16 12 13
13 9 5 1 10 6 2 11 7 12 14 15 16 8 4 3
3 7 12 16 6 11 15 10 14 13 2 5 9 4 8 1
1 5 9 13 6 10 14 7 11 12 2 3 8 15 16 4
9 14 15 16 10 11 12 7 8 4 5 6 3 1 13 2
13 9 5 1 10 6 2 11 7 8 14 15 12 4 16 3
16 15 14 13 11 10 9 7 6 2 12 8 3 5 1 4
16 15 14 13 11 10 9 7 6 3 12 8 4 2 1 5
4 3 2 1 7 6 5 11 10 15 8 12 16 13 9 14
3 8 12 16 7 11 15 10 14 9 2 6 5 1 4 13
15 10 5 1 11 6 2 7 3 4 16 12 8 9 13 14
3 6 9 13 7 10 14 11 15 16 4 8 12 5 2 1
5 6 3 4 10 7 8 11 12 16 9 14 15 1 2 13
3 6 9 13 7 10 14 11 15 16 4 8 12 5 2 1
8 3 2 1 7 6 5 10 9 14 12 11 15 13 16 4
3 7 12 16 6 11 15 10 14 13 2 5 9 8 4 1
16 15 14 13 11 10 9 7 6 3 12 8 4 1 5 2