2 6 5 9 3 7 10 8 11 12 1 4 16 15 14 13
9 10 14 15 5 6 11 2 7 3 13 1 4 8 12 16
9 13 14 15 5 10 11 6 7 3 1 2 4 8 12 16
9 10 14 15 5 6 11 2 7 3 13 1 4 8 12 16
16 15 12 8 14 11 7 10 6 2 13 9 1 5 3 4
5 6 2 3 9 10 7 14 11 15 1 13 16 12 8 4
16 12 15 14 8 11 10 7 6 2 4 1 3 5 9 13
14 10 9 5 15 11 6 12 7 8 13 16 4 3 2 1
12 11 15 14 8 7 10 3 6 2 16 4 1 5 9 13
3 7 8 12 2 6 11 5 10 9 4 1 13 14 15 16
5 6 2 3 9 10 7 14 11 15 1 13 16 12 8 4
14 10 9 5 15 11 6 12 7 8 13 16 4 3 2 1
9 10 14 15 5 6 11 2 7 3 13 1 4 8 12 16
14 13 9 5 15 10 6 11 7 8 16 12 4 3 2 1
12 11 15 14 8 7 10 3 6 2 16 4 1 5 9 13
8 4 3 2 12 7 6 11 10 9 16 15 13 14 5 1
8 4 3 2 12 7 6 11 10 14 16 9 15 13 5 1
5 6 2 3 9 10 7 14 11 15 1 13 16 12 8 4
1 2 5 9 3 6 10 7 11 12 4 15 8 16 14 13
14 13 9 5 15 10 6 11 7 8 16 4 12 3 2 1
15 16 12 8 14 11 7 10 6 5 13 1 9 2 3 4
16 12 15 14 8 11 10 7 6 2 4 5 3 1 9 13
12 11 15 14 8 7 10 3 6 2 16 4 1 5 9 13
12 11 15 14 8 7 10 3 6 2 16 4 1 5 9 13
9 13 14 15 5 10 11 6 7 3 1 8 2 4 12 16
9 13 14 15 5 10 11 6 7 3 1 4 2 8 12 16
3 7 8 12 2 6 11 5 10 9 4 1 13 14 15 16
3 7 8 12 2 6 11 5 10 9 4 1 13 14 15 16
5 6 2 3 9 10 7 14 11 15 1 13 16 12 8 4
14 13 9 5 15 10 6 11 7 8 16 3 12 4 2 1
2 6 5 9 3 7 10 8 11 12 1 4 16 15 14 13
2 6 5 9 3 7 10 8 11 12 1 4 16 15 14 13
14 13 9 5 15 10 6 11 7 8 16 4 12 3 2 1
3 7 8 12 2 6 11 5 10 9 4 1 13 14 15 16
3 7 8 12 2 6 11 5 10 9 4 1 13 14 15 16
3 7 8 12 2 6 11 5 10 9 4 1 13 14 15 16
15 11 12 8 14 10 7 9 6 5 16 13 1 2 3 4
16 15 12 8 14 11 7 10 6 5 13 2 9 1 3 4
8 7 3 2 12 11 6 15 10 14 4 16 13 9 5 1
13 9 14 15 5 10 11 6 7 8 1 2 4 3 12 16
8 7 3 2 12 11 6 15 10 14 4 16 13 9 5 1
15 16 12 8 14 11 7 10 6 5 13 9 1 2 3 4
9 10 14 15 5 6 11 2 7 3 13 1 4 8 12 16
8 4 3 2 12 7 6 11 10 14 16 15 13 9 5 1
14 10 9 5 15 11 6 12 7 8 13 16 4 3 2 1
15 16 12 8 14 11 7 10 6 2 13 9 1 5 3 4
1 2 5 9 3 6 10 7 11 12 4 16 8 15 14 13
1 5 2 3 9 6 7 10 11 15 13 14 16 12 8 4
9 13 14 15 5 10 11 6 7 8 1 2 4 3 12 16
15 11 12 8 14 10 7 9 6 5 16 13 1 2 3 4