4 8 3 2 12 7 6 11 10 13 16 15 14 9 5 1
13 9 14 15 5 10 11 6 7 4 1 2 3 8 12 16
4 3 8 12 2 7 11 6 10 13 1 5 9 14 15 16
13 9 14 15 5 10 11 6 7 3 1 2 4 8 12 16
4 3 8 12 2 7 11 6 10 13 1 5 9 14 15 16
16 15 12 8 14 11 7 10 6 1 13 9 5 2 3 4
12 16 15 14 8 11 10 7 6 1 4 3 2 5 9 13
1 5 2 3 9 6 7 10 11 16 13 14 15 12 8 4
12 16 15 14 8 11 10 7 6 1 4 3 2 5 9 13
16 15 12 8 14 11 7 10 6 1 13 9 5 2 3 4
4 8 3 2 12 7 6 11 10 13 16 15 14 9 5 1
14 13 9 5 15 10 6 11 7 4 16 12 8 3 2 1
13 14 9 5 15 10 6 11 7 4 16 12 8 3 2 1
15 16 12 8 14 11 7 10 6 1 13 9 5 2 3 4
8 4 3 2 12 7 6 11 10 13 16 15 14 9 5 1
13 9 14 15 5 10 11 6 7 3 1 2 4 8 12 16
3 4 8 12 2 7 11 6 10 13 1 5 9 14 15 16
4 3 8 12 2 7 11 6 10 13 1 5 9 14 15 16
16 15 12 8 14 11 7 10 6 1 13 9 5 2 3 4
4 8 3 2 12 7 6 11 10 14 16 15 13 9 5 1
15 16 12 8 14 11 7 10 6 5 13 9 1 2 3 4
4 8 3 2 12 7 6 11 10 14 16 15 13 9 5 1
1 2 5 9 3 6 10 7 11 16 4 8 12 15 14 13
9 13 14 15 5 10 11 6 7 4 1 2 3 8 12 16
1 5 2 3 9 6 7 10 11 15 13 14 16 12 8 4
8 4 3 2 12 7 6 11 10 13 16 15 14 9 5 1
13 9 14 15 5 10 11 6 7 3 1 2 4 8 12 16
14 13 9 5 15 10 6 11 7 4 16 12 8 3 2 1
8 4 3 2 12 7 6 11 10 14 16 15 13 9 5 1
9 13 14 15 5 10 11 6 7 4 1 2 3 8 12 16
5 1 2 3 9 6 7 10 11 16 13 14 15 12 8 4
2 1 5 9 3 6 10 7 11 16 4 8 12 15 14 13
4 8 3 2 12 7 6 11 10 14 16 15 13 9 5 1
13 14 9 5 15 10 6 11 7 8 16 12 4 3 2 1
12 16 15 14 8 11 10 7 6 1 4 3 2 5 9 13
2 1 5 9 3 6 10 7 11 16 4 8 12 15 14 13
12 16 15 14 8 11 10 7 6 1 4 3 2 5 9 13
4 3 8 12 2 7 11 6 10 13 1 5 9 14 15 16
12 16 15 14 8 11 10 7 6 2 4 3 1 5 9 13
13 14 9 5 15 10 6 11 7 4 16 12 8 3 2 1
9 13 14 15 5 10 11 6 7 3 1 2 4 8 12 16
16 15 12 8 14 11 7 10 6 5 13 9 1 2 3 4
8 4 3 2 12 7 6 11 10 13 16 15 14 9 5 1
1 5 2 3 9 6 7 10 11 15 13 14 16 12 8 4
3 4 8 12 2 7 11 6 10 13 1 5 9 14 15 16
13 14 9 5 15 10 6 11 7 8 16 12 4 3 2 1
12 16 15 14 8 11 10 7 6 1 4 3 2 5 9 13
1 2 5 9 3 6 10 7 11 12 4 8 16 15 14 13
13 14 9 5 15 10 6 11 7 4 16 12 8 3 2 1
15 16 12 8 14 11 7 10 6 5 13 9 1 2 3 4