13 10 11 12 6 7 8 2 4 3 9 5 1 14 15 16
13 10 6 2 11 7 3 12 4 8 14 15 16 9 5 1
5 6 7 3 10 11 8 15 12 16 9 13 14 1 2 4
2 3 7 16 6 11 15 10 14 13 1 5 9 4 8 12
15 11 7 4 10 6 3 5 2 1 14 13 9 16 12 8
13 10 6 2 11 7 3 12 4 8 14 15 16 9 5 1
14 15 11 4 10 7 3 6 2 1 13 9 5 16 12 8
3 2 6 9 7 10 14 11 15 16 4 8 12 1 5 13
1 6 10 14 7 11 15 8 16 12 2 3 4 5 9 13
14 10 6 1 11 7 2 8 3 4 15 16 12 13 9 5
3 2 6 9 7 10 14 11 15 16 4 8 12 1 5 13
9 10 11 16 6 7 12 3 8 4 5 1 2 14 15 13
12 11 10 14 7 6 9 2 5 1 8 4 3 16 15 13
8 12 11 14 7 10 9 6 5 1 4 3 2 16 15 13
9 5 6 3 10 7 8 11 12 16 13 14 15 1 2 4
1 6 7 8 10 11 12 14 16 15 5 9 13 2 3 4
12 11 10 14 7 6 9 2 5 1 8 4 3 16 15 13
15 14 10 1 11 6 2 7 3 4 16 12 8 13 9 5
16 11 7 3 10 6 2 9 1 5 15 14 13 12 8 4
9 5 6 4 10 7 8 11 12 16 13 14 15 1 2 3
12 8 7 1 11 6 5 10 9 13 16 15 14 4 3 2
9 10 11 16 6 7 12 3 8 4 5 1 2 13 14 15
9 5 6 3 10 7 8 11 12 16 13 14 15 1 2 4
15 11 7 4 10 6 3 5 2 1 14 13 9 16 8 12
9 5 6 4 10 7 8 11 12 16 13 14 15 1 2 3
5 6 7 4 10 11 8 15 12 16 9 13 14 1 3 2
4 7 11 15 6 10 14 5 13 9 3 2 1 8 12 16
1 6 10 14 7 11 15 8 16 12 2 3 4 5 9 13
12 8 7 2 11 6 5 10 9 13 16 15 14 4 3 1
15 14 10 5 11 6 2 7 3 4 16 12 8 13 9 1
15 14 10 5 11 6 2 7 3 4 16 12 8 13 9 1
9 10 11 16 6 7 12 3 8 4 5 1 2 13 15 14
15 14 10 1 11 6 2 7 3 4 16 12 8 13 9 5
3 2 6 9 7 10 14 11 15 16 4 8 12 1 5 13
12 8 7 1 11 6 5 10 9 13 16 15 14 4 3 2
14 10 6 5 11 7 2 8 3 4 15 16 12 13 9 1
3 2 6 13 7 10 14 11 15 16 4 8 12 1 5 9
8 12 11 13 7 10 9 6 5 1 4 3 2 16 15 14
4 7 6 5 11 10 9 15 13 14 8 12 16 3 2 1
9 5 6 4 10 7 8 11 12 16 13 14 15 1 2 3
2 3 7 16 6 11 15 10 14 13 1 5 9 4 8 12
1 6 7 8 10 11 12 14 16 15 5 9 13 2 3 4
15 14 10 1 11 6 2 7 3 4 16 12 8 13 9 5
2 6 10 9 7 11 14 12 15 16 3 4 8 1 5 13
13 10 11 12 6 7 8 2 4 3 9 5 1 14 15 16
1 6 10 14 7 11 15 8 16 12 2 3 4 5 9 13
14 15 11 4 10 7 3 6 2 1 13 9 5 16 12 8
5 6 7 4 10 11 8 15 12 16 9 13 14 2 3 1
9 10 11 15 6 7 12 3 8 4 5 1 2 13 14 16
12 11 10 14 7 6 9 2 5 1 8 4 3 16 15 13