1 11 4 3 9 15 13 14 7 10 6 2 5 12 8 16
16 10 4 2 15 9 5 1 6 11 7 8 3 13 12 14
16 11 1 9 4 15 13 14 10 7 6 5 2 3 12 8
16 7 13 12 4 3 2 1 11 6 10 9 14 8 15 5
13 7 4 5 1 8 16 12 11 6 10 14 9 2 3 15
1 7 4 15 13 8 12 16 11 6 10 14 9 3 2 5
4 10 5 13 1 14 15 16 6 11 7 3 8 9 12 2
1 11 16 3 4 15 14 13 7 10 6 5 2 12 9 8
13 11 1 14 16 12 4 8 10 7 6 5 2 3 15 9
4 10 13 5 1 14 16 15 11 6 7 8 3 9 12 2
1 11 4 3 16 15 14 13 7 10 6 5 2 8 12 9
16 11 4 3 1 15 14 13 7 10 6 2 5 9 12 8
13 6 16 9 1 2 8 4 7 10 11 15 12 3 5 14
2 10 4 5 1 14 15 16 6 11 7 8 3 9 13 12
9 11 4 16 1 15 14 13 10 7 6 5 2 8 12 3
1 7 13 5 2 8 16 12 11 6 10 9 14 3 15 4
13 6 1 14 16 2 3 4 10 7 11 12 15 9 8 5
9 11 1 16 13 12 4 8 7 10 6 5 2 3 15 14
13 10 16 2 4 9 5 1 6 11 7 3 8 15 12 14
9 11 1 3 4 15 14 13 10 7 6 5 2 8 12 16
8 6 16 3 4 5 9 13 10 7 11 15 12 2 14 1
16 7 13 12 2 3 5 1 6 11 10 14 9 15 8 4
1 11 16 8 4 15 14 13 7 10 6 5 2 3 12 9
4 6 16 1 3 5 9 13 7 10 11 12 15 14 2 8
1 7 12 2 13 8 15 16 11 6 10 14 9 3 5 4
16 6 1 14 4 5 9 13 7 10 11 15 12 8 2 3
4 6 16 1 3 5 9 13 10 7 11 12 15 14 2 8
13 7 12 4 16 3 2 1 6 11 10 14 9 8 5 15
13 11 1 14 16 12 8 4 7 10 6 5 2 9 3 15
13 10 16 15 4 9 5 1 11 6 7 8 3 14 2 12
1 11 4 3 16 15 13 14 10 7 6 5 2 12 8 9
1 7 4 5 13 8 12 16 11 6 10 14 9 2 15 3
13 7 16 12 4 3 1 2 6 11 10 14 9 8 5 15
16 7 4 5 13 3 2 1 6 11 10 14 9 12 8 15
16 11 13 3 1 12 4 8 7 10 6 5 2 15 9 14
13 7 1 4 5 8 15 16 6 11 10 9 14 12 2 3
16 10 2 12 4 9 5 1 6 11 7 3 8 15 13 14
9 6 13 1 16 2 8 4 7 10 11 12 15 14 3 5
13 7 16 12 5 3 1 2 6 11 10 14 9 4 15 8
13 7 1 4 5 8 16 12 11 6 10 14 9 15 3 2
13 10 1 12 4 14 16 15 6 11 7 8 3 9 5 2
14 6 4 8 16 5 13 9 10 7 11 15 12 2 3 1
16 6 13 8 1 2 3 4 7 10 11 15 12 9 14 5
1 11 16 9 13 12 4 8 7 10 6 2 5 3 14 15
16 6 1 8 4 5 9 13 7 10 11 12 15 14 2 3
4 11 16 3 1 15 13 14 10 7 6 2 5 9 12 8
13 11 1 9 16 12 8 4 10 7 6 2 5 15 14 3
4 7 13 5 1 8 12 16 6 11 10 14 9 3 2 15
1 10 4 5 13 14 15 16 6 11 7 3 8 2 12 9
13 7 12 4 16 3 2 1 6 11 10 9 14 15 8 5