13 6 9 3 4 5 2 1 7 10 11 15 12 8 16 14
2 10 16 15 1 14 9 13 6 11 7 8 3 5 4 12
8 11 4 14 13 15 12 16 10 7 6 2 5 1 9 3
1 7 16 5 12 3 8 4 11 6 10 14 9 2 15 13
16 10 1 12 5 9 14 13 11 6 7 3 8 2 15 4
4 6 13 9 14 5 2 1 7 10 11 12 15 16 8 3
13 11 4 8 3 12 15 16 7 10 6 5 2 9 14 1
4 11 13 14 9 15 12 16 7 10 6 5 2 1 8 3
4 11 13 3 9 12 15 16 7 10 6 5 2 1 8 14
16 10 1 5 2 9 14 13 11 6 7 8 3 15 4 12
4 6 3 9 13 5 2 1 7 10 11 12 15 16 14 8
13 11 8 3 4 12 15 16 7 10 6 2 5 1 14 9
1 7 5 2 16 3 8 4 6 11 10 14 9 13 15 12
16 7 1 2 15 8 3 4 6 11 10 14 9 13 5 12
4 6 13 14 9 5 2 1 10 7 11 12 15 3 8 16
5 7 16 2 1 3 8 4 6 11 10 14 9 13 15 12
4 6 13 3 9 2 5 1 7 10 11 12 15 16 8 14
16 10 1 15 5 14 9 13 6 11 7 8 3 2 4 12
14 6 13 3 4 2 5 1 7 10 11 15 12 16 8 9
4 11 13 8 3 12 15 16 10 7 6 2 5 1 9 14
13 6 4 14 3 5 2 1 10 7 11 15 12 9 16 8
9 11 4 14 13 15 12 16 7 10 6 2 5 3 8 1
2 10 1 15 16 14 9 13 11 6 7 8 3 5 4 12
13 11 4 8 3 12 15 16 7 10 6 2 5 1 14 9
13 6 4 8 9 5 2 1 10 7 11 15 12 16 3 14
13 11 4 9 3 15 12 16 7 10 6 5 2 14 8 1
4 6 13 3 9 2 5 1 10 7 11 12 15 14 16 8
8 6 13 3 4 5 2 1 10 7 11 15 12 14 16 9
1 10 16 15 12 14 9 13 11 6 7 3 8 2 5 4
13 6 3 9 4 2 5 1 10 7 11 15 12 8 14 16
4 11 8 14 13 15 12 16 10 7 6 5 2 1 3 9
16 7 1 2 15 3 8 4 6 11 10 14 9 12 13 5
8 11 13 14 4 15 12 16 10 7 6 5 2 1 9 3
16 7 5 12 1 3 8 4 6 11 10 14 9 13 2 15
2 7 1 15 16 8 3 4 6 11 10 14 9 13 5 12
13 11 4 8 14 15 12 16 7 10 6 5 2 3 9 1
4 11 13 14 9 12 15 16 7 10 6 5 2 1 3 8
4 11 3 8 13 12 15 16 10 7 6 2 5 1 9 14
16 7 12 5 1 8 3 4 6 11 10 14 9 2 15 13
16 10 1 15 12 14 9 13 11 6 7 8 3 4 2 5
13 6 4 14 9 2 5 1 10 7 11 12 15 16 3 8
16 7 1 12 2 3 8 4 6 11 10 14 9 13 5 15
13 6 4 3 8 2 5 1 10 7 11 12 15 16 9 14
16 10 1 5 15 9 14 13 11 6 7 8 3 4 2 12
16 10 1 12 5 14 9 13 6 11 7 3 8 4 15 2
16 7 1 12 2 8 3 4 11 6 10 9 14 13 15 5
16 7 5 15 1 8 3 4 11 6 10 14 9 2 13 12
15 7 16 2 1 3 8 4 11 6 10 9 14 13 12 5
16 7 1 2 15 3 8 4 11 6 10 9 14 13 12 5
3 11 13 14 4 15 12 16 7 10 6 2 5 1 9 8