8 11 16 12 3 15 9 14 10 7 6 2 5 13 1 4
14 6 9 5 8 2 1 3 10 7 11 15 12 16 13 4
9 11 16 15 3 12 4 8 10 7 6 2 5 14 13 1
8 6 14 5 1 2 4 3 10 7 11 12 15 9 13 16
5 10 2 9 12 14 13 15 6 11 7 8 3 4 1 16
4 7 15 8 12 3 5 2 6 11 10 9 14 16 13 1
5 7 15 3 2 8 16 12 11 6 10 9 14 13 4 1
1 6 9 5 14 2 8 3 10 7 11 12 15 16 13 4
14 6 9 5 1 2 8 3 7 10 11 15 12 16 4 13
3 6 8 2 14 5 1 9 7 10 11 15 12 16 13 4
8 6 1 2 3 5 14 9 7 10 11 12 15 13 4 16
2 10 15 14 13 9 1 5 6 11 7 3 8 4 16 12
16 11 14 15 9 12 3 8 7 10 6 2 5 1 13 4
9 11 14 15 16 12 3 8 7 10 6 2 5 4 13 1
16 11 14 15 9 12 4 8 10 7 6 2 5 13 1 3
12 7 15 8 5 3 1 2 6 11 10 14 9 13 4 16
5 10 2 9 13 14 12 15 11 6 7 8 3 4 1 16
1 6 3 2 8 5 13 9 10 7 11 15 12 4 16 14
5 7 12 8 15 3 4 2 6 11 10 9 14 13 16 1
8 6 1 2 14 5 13 9 10 7 11 12 15 16 3 4
15 7 12 8 5 3 4 2 6 11 10 14 9 13 16 1
12 10 2 14 13 9 1 5 11 6 7 8 3 16 4 15
12 7 15 8 5 3 1 2 6 11 10 9 14 16 13 4
15 10 12 14 2 9 13 5 11 6 7 3 8 1 4 16
1 6 9 5 14 2 8 3 10 7 11 15 12 16 13 4
3 11 8 12 16 15 9 14 10 7 6 2 5 13 4 1
13 10 12 14 2 9 1 5 6 11 7 8 3 4 16 15
1 6 14 5 9 2 8 3 10 7 11 12 15 16 4 13
1 6 8 5 9 2 4 3 10 7 11 15 12 13 14 16
4 7 2 3 5 8 15 12 6 11 10 9 14 1 16 13
12 7 4 8 15 3 5 2 11 6 10 9 14 16 1 13
15 7 12 8 4 3 5 2 6 11 10 9 14 1 13 16
12 10 5 9 13 14 16 15 6 11 7 8 3 1 4 2
14 11 16 15 9 12 4 8 10 7 6 5 2 1 3 13
15 10 12 14 2 9 13 5 11 6 7 3 8 4 1 16
9 11 14 15 3 12 16 8 7 10 6 5 2 4 13 1
14 6 1 5 9 2 8 3 10 7 11 15 12 13 4 16
14 11 16 15 9 12 3 8 7 10 6 5 2 13 4 1
3 6 14 2 8 5 1 9 7 10 11 12 15 16 13 4
15 7 12 8 4 3 5 2 6 11 10 14 9 13 1 16
16 11 8 12 3 15 13 14 10 7 6 5 2 1 9 4
1 6 9 5 14 2 8 3 7 10 11 15 12 16 4 13
8 11 16 12 3 15 9 14 10 7 6 2 5 1 13 4
16 11 8 12 9 15 13 14 7 10 6 5 2 4 1 3
13 10 2 14 15 9 1 5 11 6 7 3 8 4 12 16
8 6 9 5 14 2 1 3 10 7 11 15 12 16 4 13
8 6 1 5 14 2 4 3 7 10 11 12 15 9 13 16
15 7 12 8 4 3 1 2 11 6 10 9 14 13 16 5
15 10 12 14 13 9 2 5 6 11 7 8 3 16 4 1
2 10 12 14 13 9 1 5 6 11 7 8 3 4 15 16