2 7 15 1 5 8 3 4 11 6 10 14 9 12 13 16
2 10 16 5 1 14 9 13 11 6 7 3 8 4 15 12
8 11 1 14 9 15 12 16 10 7 6 5 2 13 3 4
12 7 13 5 2 8 3 4 6 11 10 9 14 15 16 1
3 11 4 13 14 12 15 16 10 7 6 2 5 1 9 8
15 7 2 16 13 3 8 4 11 6 10 14 9 12 5 1
8 11 3 9 1 15 12 16 7 10 6 2 5 14 13 4
2 7 12 1 16 8 3 4 6 11 10 14 9 13 5 15
12 7 13 5 2 8 3 4 6 11 10 14 9 1 15 16
8 6 16 4 13 5 2 1 10 7 11 12 15 9 14 3
8 6 4 16 3 2 5 1 10 7 11 15 12 9 13 14
5 10 16 15 2 14 9 13 11 6 7 3 8 4 12 1
14 11 8 9 13 15 12 16 10 7 6 2 5 4 3 1
5 10 16 15 12 9 14 13 11 6 7 8 3 1 4 2
2 7 16 13 12 8 3 4 6 11 10 9 14 15 5 1
15 7 16 5 12 8 3 4 11 6 10 14 9 13 1 2
8 6 3 14 4 5 2 1 7 10 11 15 12 16 9 13
9 6 16 13 8 5 2 1 7 10 11 15 12 14 4 3
2 7 5 12 16 8 3 4 11 6 10 14 9 1 13 15
9 6 13 4 8 2 5 1 7 10 11 12 15 16 14 3
14 11 1 13 4 15 12 16 10 7 6 5 2 3 9 8
9 6 16 8 4 2 5 1 10 7 11 15 12 13 3 14
9 11 3 13 4 15 12 16 7 10 6 5 2 1 8 14
9 6 4 3 13 5 2 1 10 7 11 15 12 14 16 8
14 6 8 9 4 5 2 1 7 10 11 15 12 3 16 13
5 10 1 15 4 14 9 13 11 6 7 8 3 16 2 12
14 11 13 4 8 12 15 16 7 10 6 2 5 9 3 1
14 6 4 9 8 5 2 1 7 10 11 15 12 16 13 3
8 11 13 4 14 15 12 16 10 7 6 2 5 3 1 9
5 10 12 2 16 9 14 13 11 6 7 3 8 4 15 1
9 6 13 16 3 5 2 1 7 10 11 15 12 4 8 14
14 11 1 13 4 15 12 16 10 7 6 2 5 8 9 3
9 11 13 8 4 15 12 16 10 7 6 5 2 14 3 1
8 11 14 4 1 15 12 16 10 7 6 5 2 3 13 9
15 10 16 5 12 9 14 13 6 11 7 8 3 2 1 4
15 7 13 5 16 3 8 4 6 11 10 14 9 12 2 1
8 11 3 13 14 12 15 16 10 7 6 2 5 4 9 1
8 11 4 1 13 12 15 16 10 7 6 2 5 3 14 9
14 11 8 13 3 15 12 16 7 10 6 5 2 4 1 9
14 11 9 1 4 12 15 16 7 10 6 2 5 13 8 3
14 6 16 4 9 5 2 1 7 10 11 15 12 8 13 3
8 11 13 3 9 15 12 16 7 10 6 2 5 1 14 4
15 10 1 16 2 14 9 13 6 11 7 8 3 5 4 12
15 10 1 5 2 14 9 13 6 11 7 3 8 16 12 4
3 6 4 13 8 2 5 1 7 10 11 12 15 16 14 9
14 11 13 4 8 15 12 16 7 10 6 5 2 9 3 1
5 10 2 12 1 9 14 13 11 6 7 8 3 4 15 16
2 7 15 1 12 3 8 4 6 11 10 14 9 5 16 13
12 7 16 13 1 3 8 4 11 6 10 14 9 2 5 15
9 11 3 4 13 12 15 16 7 10 6 5 2 1 8 14