9 10 11 12 13 14 5 6 7 8 4 3 16 1 2 15
11 8 7 3 15 16 14 10 6 2 1 5 12 9 4 13
11 10 14 13 12 16 8 7 6 9 5 1 15 4 2 3
13 14 16 15 9 5 10 6 7 11 12 8 3 1 2 4
10 11 12 8 9 13 5 1 2 4 3 7 16 14 15 6
6 7 8 12 1 2 5 9 10 11 15 16 13 3 14 4
5 6 7 11 9 10 13 14 15 12 8 4 16 1 3 2
9 13 14 10 6 5 2 3 7 11 15 16 1 8 12 4
16 15 14 10 12 8 11 7 6 5 1 2 3 9 4 13
9 13 14 10 5 1 2 3 7 11 15 16 12 8 4 6
4 3 2 6 8 12 7 11 15 14 10 9 13 16 1 5
7 11 14 13 3 4 2 1 5 9 10 6 15 16 12 8
14 15 11 7 10 6 12 8 4 3 2 1 5 13 9 16
7 11 15 14 3 4 2 6 5 10 9 13 12 1 16 8
5 9 13 14 6 2 10 11 7 15 16 12 3 4 8 1
11 12 8 7 10 14 9 5 1 3 2 6 16 13 4 15
10 9 13 14 6 5 2 3 7 11 12 8 4 16 1 15
6 7 3 4 10 9 14 15 11 8 12 16 2 5 13 1
8 4 3 2 16 15 12 11 7 6 10 9 5 14 13 1
12 8 7 11 16 15 14 13 9 10 6 2 4 1 5 3
7 6 5 9 3 4 8 12 11 10 14 13 1 2 15 16
13 14 10 11 5 1 6 7 8 12 16 15 2 3 9 4
9 13 14 10 5 1 6 7 15 11 12 16 4 3 2 8
5 9 13 14 6 2 7 8 12 11 15 16 4 1 10 3
1 5 9 10 2 6 3 4 8 12 16 15 7 11 14 13
6 5 9 13 7 3 8 12 16 14 15 11 1 10 4 2
14 15 11 7 10 6 9 5 1 3 4 8 2 16 12 13
7 6 5 9 3 2 4 8 12 11 15 16 1 10 14 13
11 15 14 13 7 3 6 10 9 5 1 2 16 4 12 8
14 13 9 5 10 6 11 12 8 7 3 2 16 15 4 1
13 14 15 16 9 5 10 11 12 8 4 3 2 6 1 7
9 10 11 12 13 14 5 6 7 8 4 3 15 16 1 2
8 7 6 10 4 3 12 11 15 14 13 9 16 2 5 1
3 4 8 16 2 1 6 10 11 15 14 13 12 5 7 9
7 8 12 10 6 2 5 9 13 14 15 11 4 16 3 1
15 14 13 9 11 12 7 3 2 5 6 10 1 4 8 16
6 7 8 12 5 9 1 2 3 11 10 14 16 15 13 4
6 5 9 10 2 1 4 3 7 11 15 14 8 13 12 16
9 13 14 10 5 1 6 7 15 11 12 8 3 2 16 4
8 4 3 2 12 16 11 7 6 1 5 9 14 10 13 15
7 8 12 10 6 2 5 9 13 14 15 16 1 11 4 3
7 6 2 10 11 12 15 14 13 9 5 1 16 3 8 4
7 3 2 6 8 4 12 16 15 10 14 13 11 5 1 9
10 9 5 1 11 15 12 8 4 3 2 6 7 13 14 16
12 16 15 14 4 8 3 7 11 10 6 2 1 13 5 9
6 10 9 11 2 1 3 7 8 12 16 15 4 5 14 13
7 6 2 1 11 12 15 14 13 5 9 10 4 8 16 3
7 3 4 8 6 5 2 10 11 12 16 15 1 14 13 9
5 9 13 15 6 10 2 3 7 11 12 16 8 1 14 4
15 11 10 6 13 14 9 5 1 2 3 7 8 12 16 4