8 4 3 2 12 16 11 10 6 5 9 13 15 14 7 1
14 13 9 5 15 16 11 3 7 6 2 1 12 4 8 10
10 14 13 9 6 5 2 3 7 11 12 16 1 4 8 15
12 8 4 3 11 7 15 14 10 6 2 1 16 13 9 5
8 4 3 2 12 16 11 10 6 5 9 13 15 14 7 1
11 15 14 13 12 16 8 7 6 9 5 1 4 3 2 10
5 1 2 6 9 13 10 12 8 7 11 15 14 16 4 3
14 13 9 10 15 16 11 7 6 2 3 4 12 8 5 1
2 1 5 6 3 4 7 15 14 10 11 12 8 16 13 9
10 9 5 1 14 13 15 11 7 3 4 8 16 12 6 2
12 16 15 11 8 4 7 6 5 9 13 14 3 2 1 10
3 4 8 12 2 1 6 10 11 15 14 13 5 9 7 16
2 1 5 6 3 4 7 15 14 10 11 12 8 16 13 9
16 15 14 13 12 11 8 7 6 9 5 1 4 3 2 10
5 1 2 6 7 3 8 12 11 10 14 13 4 16 15 9
4 8 12 16 3 7 2 6 10 14 13 9 1 5 11 15
3 2 1 5 7 6 8 12 11 10 9 13 4 16 15 14
6 2 1 5 10 9 14 15 11 7 3 4 13 16 12 8
15 14 13 9 11 10 12 8 7 5 6 2 16 4 3 1
3 4 8 7 2 6 1 9 10 11 12 16 5 13 14 15
12 16 15 14 8 4 7 6 2 10 9 13 3 5 1 11
5 1 2 3 13 9 14 15 11 7 8 4 10 16 12 6
10 14 15 16 9 13 5 6 7 8 4 3 1 2 11 12
14 13 9 5 11 15 12 8 7 6 2 1 16 4 3 10
5 1 2 3 9 13 10 11 15 7 8 4 14 12 16 6
2 1 5 9 3 4 7 15 14 10 11 12 8 16 13 6
7 3 2 6 8 4 12 11 10 9 5 1 16 15 14 13
4 3 2 1 8 7 12 11 10 9 13 14 16 15 6 5
10 14 13 9 11 15 12 8 7 6 5 1 16 4 3 2
8 4 3 7 6 2 5 9 10 11 15 16 1 13 14 12
3 4 8 12 2 1 6 10 14 15 11 7 5 9 13 16
15 16 12 11 14 13 10 6 2 3 7 8 9 5 1 4
1 2 3 4 5 6 9 10 11 12 16 15 13 14 7 8
2 1 5 6 3 4 7 11 15 14 13 9 8 12 16 10
5 1 2 3 9 13 10 12 8 7 11 15 14 16 4 6
2 1 5 6 3 4 7 11 15 10 9 13 8 12 16 14
9 13 14 10 5 1 6 8 12 11 7 3 2 4 16 15
2 1 5 6 3 4 7 12 11 10 14 13 8 16 15 9
8 4 3 7 11 12 15 14 10 6 2 1 16 13 9 5
1 5 9 10 2 6 3 7 11 15 14 13 4 8 12 16
14 13 9 10 15 16 11 7 6 2 3 4 12 8 5 1
8 4 3 2 12 16 11 10 6 5 9 13 15 14 7 1
15 16 12 11 14 10 9 5 6 7 8 4 13 1 2 3
13 14 15 11 9 10 5 6 7 8 12 16 1 2 3 4
12 16 15 11 10 14 9 5 6 7 3 4 13 1 2 8
12 16 15 14 8 4 7 6 10 9 5 1 3 2 11 13
11 12 8 4 15 16 14 10 6 3 2 1 13 9 5 7
6 2 3 4 5 1 9 10 11 12 16 15 13 14 7 8
3 4 8 12 2 1 6 10 11 15 14 13 5 9 7 16
14 13 9 10 15 16 11 7 6 2 3 4 12 8 5 1