7 11 15 13 8 4 12 16 14 10 9 5 2 6 1 3
12 11 10 9 4 3 8 7 6 5 13 14 15 16 2 1
8 7 6 5 12 16 11 10 9 1 2 3 13 15 14 4
1 9 10 11 2 3 5 6 7 8 12 16 13 4 15 14
11 7 6 5 12 16 8 3 2 1 9 10 14 4 15 13
16 15 14 13 8 4 12 11 10 9 5 6 3 1 2 7
6 7 11 15 2 1 3 8 12 16 14 10 9 5 13 4
5 6 7 8 9 13 10 11 12 4 3 2 1 15 14 16
15 11 7 3 13 9 14 10 6 2 1 5 8 12 4 16
1 2 3 11 9 10 5 6 7 8 12 16 15 14 4 13
16 14 10 6 12 8 15 11 7 3 2 1 5 9 4 13
3 7 11 15 2 6 4 8 12 16 14 10 1 5 13 9
9 10 11 12 13 14 5 6 7 8 16 15 3 4 1 2
1 2 10 11 9 13 5 6 7 8 12 16 3 15 4 14
9 10 11 12 13 14 5 6 7 8 4 3 16 1 2 15
13 9 5 1 15 11 14 10 6 2 3 7 16 4 12 8
13 9 5 7 15 16 14 10 6 2 3 4 8 12 1 11
5 6 7 8 13 14 9 10 11 12 16 15 3 4 1 2
11 10 9 6 15 16 14 13 5 1 2 3 7 4 8 12
2 6 10 14 3 4 1 5 9 13 15 16 8 11 12 7
14 10 6 2 16 12 15 11 7 3 1 5 9 8 4 13
11 7 6 5 12 16 8 3 2 1 9 10 15 4 13 14
12 11 10 9 8 4 16 15 14 13 5 1 7 6 3 2
13 9 5 2 15 16 14 10 6 7 3 4 12 11 1 8
8 7 6 5 16 15 12 11 10 9 1 2 4 3 14 13
14 10 6 2 16 12 15 11 7 3 4 8 9 1 5 13
7 11 10 9 8 4 12 15 14 13 5 1 16 3 2 6
16 12 8 4 14 13 15 11 7 3 2 1 10 6 9 5
2 6 10 14 3 4 7 11 15 13 9 5 12 16 8 1
9 10 11 12 5 1 6 7 15 16 8 4 2 13 14 3
3 7 11 15 4 8 2 6 10 14 13 9 12 1 5 16
12 11 10 9 16 15 8 7 6 5 1 2 4 14 3 13
13 5 6 7 14 15 9 10 11 12 8 4 16 3 2 1
4 8 6 10 2 1 3 7 11 15 14 13 9 12 16 5
12 11 10 9 16 15 8 7 6 5 1 2 14 13 4 3
16 15 10 6 8 4 12 11 7 3 2 1 13 9 14 5
2 6 10 9 3 4 7 11 14 13 5 1 8 12 15 16
10 6 2 7 9 13 5 1 3 4 8 12 16 14 15 11
6 7 8 11 2 1 3 4 12 16 15 14 10 5 9 13
12 11 10 9 4 3 8 7 6 5 13 14 1 16 2 15
1 3 7 11 5 9 2 6 10 14 15 16 12 8 13 4
9 10 11 15 5 1 6 7 12 16 14 13 8 4 3 2
15 11 7 8 14 13 10 6 3 4 12 16 2 9 1 5
2 6 10 14 4 8 3 7 11 15 13 9 16 1 5 12
16 15 7 6 8 4 12 11 10 9 5 1 14 13 2 3
13 14 15 16 5 1 9 10 11 12 8 7 4 6 2 3
11 7 6 5 12 16 8 3 2 1 9 13 15 4 10 14
15 11 7 3 16 12 14 10 6 2 1 5 4 13 8 9
8 7 6 5 12 16 11 3 2 1 9 13 14 4 15 10
13 9 11 7 15 16 14 10 6 2 3 4 1 8 12 5