3 7 11 15 4 8 2 6 10 14 16 12 1 5 9 13
3 7 11 15 4 8 2 6 10 14 16 12 1 5 9 13
8 7 6 5 4 3 12 11 10 9 1 2 16 15 14 13
12 11 10 9 16 15 8 7 6 5 13 14 4 3 2 1
3 7 11 15 4 8 2 6 10 14 16 12 1 5 9 13
5 6 7 8 1 2 9 10 11 12 4 3 13 14 15 16
3 7 11 15 4 8 2 6 10 14 16 12 1 5 9 13
5 6 7 8 1 2 9 10 11 12 4 3 13 14 15 16
15 11 7 3 16 12 14 10 6 2 4 8 13 9 5 1
14 10 6 2 13 9 15 11 7 3 1 5 16 12 8 4
5 6 7 8 1 2 9 10 11 12 4 3 13 14 15 16
2 6 10 14 1 5 3 7 11 15 13 9 4 8 12 16
14 10 6 2 13 9 15 11 7 3 1 5 16 12 8 4
9 10 11 12 13 14 5 6 7 8 16 15 1 2 3 4
9 10 11 12 13 14 5 6 7 8 16 15 1 2 3 4
15 11 7 3 16 12 14 10 6 2 4 8 13 9 5 1
12 11 10 9 16 15 8 7 6 5 13 14 4 3 2 1
2 6 10 14 1 5 3 7 11 15 13 9 4 8 12 16
2 6 10 14 1 5 3 7 11 15 13 9 4 8 12 16
5 6 7 8 1 2 9 10 11 12 4 3 13 14 15 16
5 6 7 8 1 2 9 10 11 12 4 3 13 14 15 16
14 10 6 2 13 9 15 11 7 3 1 5 16 12 8 4
3 7 11 15 4 8 2 6 10 14 16 12 1 5 9 13
8 7 6 5 4 3 12 11 10 9 1 2 16 15 14 13
9 10 11 12 13 14 5 6 7 8 16 15 1 2 3 4
15 11 7 3 16 12 14 10 6 2 4 8 13 9 5 1
9 10 11 12 13 14 5 6 7 8 16 15 1 2 3 4
2 6 10 14 1 5 3 7 11 15 13 9 4 8 12 16
5 6 7 8 1 2 9 10 11 12 4 3 13 14 15 16
12 11 10 9 16 15 8 7 6 5 13 14 4 3 2 1
3 7 11 15 4 8 2 6 10 14 16 12 1 5 9 13
3 7 11 15 4 8 2 6 10 14 16 12 1 5 9 13
12 11 10 9 16 15 8 7 6 5 13 14 4 3 2 1
2 6 10 14 1 5 3 7 11 15 13 9 4 8 12 16
2 6 10 14 1 5 3 7 11 15 13 9 4 8 12 16
15 11 7 3 16 12 14 10 6 2 4 8 13 9 5 1
3 7 11 15 4 8 2 6 10 14 16 12 1 5 9 13
15 11 7 3 16 12 14 10 6 2 4 8 13 9 5 1
12 11 10 9 16 15 8 7 6 5 13 14 4 3 2 1
2 6 10 14 1 5 3 7 11 15 13 9 4 8 12 16
2 6 10 14 1 5 3 7 11 15 13 9 4 8 12 16
8 7 6 5 4 3 12 11 10 9 1 2 16 15 14 13
9 10 11 12 13 14 5 6 7 8 16 15 1 2 3 4
12 11 10 9 16 15 8 7 6 5 13 14 4 3 2 1
15 11 7 3 16 12 14 10 6 2 4 8 13 9 5 1
3 7 11 15 4 8 2 6 10 14 16 12 1 5 9 13
2 6 10 14 1 5 3 7 11 15 13 9 4 8 12 16
9 10 11 12 13 14 5 6 7 8 16 15 1 2 3 4
3 7 11 15 4 8 2 6 10 14 16 12 1 5 9 13
12 11 10 9 16 15 8 7 6 5 13 14 4 3 2 1