13 14 15 16 12 8 4 3 7 6 1 5 2 9 11 10
4 8 12 16 15 14 13 9 5 6 2 1 10 7 11 3
8 4 3 2 1 5 9 13 14 11 6 15 16 7 10 12
16 12 8 4 3 2 1 5 6 10 7 9 13 15 14 11
4 8 12 16 15 14 13 9 10 6 11 5 7 3 2 1
16 15 14 13 9 5 1 2 3 7 12 4 6 10 11 8
3 4 8 12 16 15 14 13 9 6 1 11 10 5 2 7
16 12 8 4 3 2 1 5 9 10 13 11 7 15 14 6
9 13 14 15 16 12 8 4 3 6 5 10 1 2 7 11
5 1 2 3 4 8 12 16 15 10 9 7 13 6 14 11
15 16 12 8 4 3 2 1 5 10 6 9 13 14 7 11
4 3 2 1 5 9 13 14 10 11 8 15 7 12 6 16
1 5 9 13 14 15 16 12 8 7 10 11 2 3 6 4
15 16 12 8 4 3 2 1 5 10 14 7 6 13 9 11
2 1 5 9 13 14 15 16 12 7 4 6 10 11 8 3
13 14 15 16 12 8 4 3 2 6 1 10 11 9 5 7
9 13 14 15 16 12 8 4 3 6 5 11 1 10 7 2
16 12 8 4 3 2 1 5 9 10 14 11 15 13 7 6
3 4 8 12 16 15 14 13 9 6 2 1 10 7 5 11
1 5 9 13 14 15 16 12 8 7 10 11 3 6 2 4
16 15 14 13 9 5 1 2 6 7 12 4 11 3 8 10
14 13 9 5 1 2 3 4 8 11 10 15 12 7 16 6
12 16 15 14 13 9 5 1 2 7 11 4 3 10 6 8
3 4 8 12 16 15 14 13 9 6 1 11 7 10 5 2
4 8 12 16 15 14 13 9 10 6 2 1 5 11 3 7
8 4 3 2 1 5 9 13 14 11 15 16 7 6 12 10
12 16 15 14 13 9 5 1 2 7 3 10 6 8 4 11
5 1 2 3 4 8 12 16 15 10 13 14 6 11 7 9
8 4 3 2 1 5 9 13 14 11 6 15 16 7 10 12
5 1 2 3 4 8 12 16 15 10 9 7 14 6 11 13
4 3 2 1 5 9 13 14 15 11 12 16 6 7 8 10
16 15 14 13 9 5 1 2 6 7 10 12 4 8 11 3
16 15 14 13 9 5 1 2 3 7 6 11 12 10 4 8
13 9 5 1 2 3 4 8 12 11 10 14 16 6 7 15
16 12 8 4 3 2 1 5 9 10 6 15 13 11 7 14
1 2 3 4 8 12 16 15 14 10 11 5 9 6 13 7
1 2 3 4 8 12 16 15 14 10 5 7 13 6 11 9
16 12 8 4 3 2 1 5 9 10 13 7 15 11 14 6
4 3 2 1 5 9 13 14 10 11 12 16 7 8 6 15
4 3 2 1 5 9 13 14 10 11 16 15 7 8 12 6
2 1 5 9 13 14 15 16 12 7 11 8 4 3 10 6
16 15 14 13 9 5 1 2 3 7 10 12 11 8 4 6
15 16 12 8 4 3 2 1 5 10 9 6 11 14 13 7
16 15 14 13 9 5 1 2 6 7 12 4 10 11 8 3
5 1 2 3 4 8 12 16 15 10 6 7 13 11 14 9
15 16 12 8 4 3 2 1 5 10 9 13 14 6 11 7
3 4 8 12 16 15 14 13 9 6 11 2 10 1 5 7
14 13 9 5 1 2 3 4 8 11 7 12 15 10 16 6
8 4 3 2 1 5 9 13 14 11 16 7 10 12 6 15
1 2 3 4 8 12 16 15 14 10 11 13 5 6 9 7