11 12 8 7 6 2 1 5 9 10 4 14 3 13 16 15
4 8 12 16 15 11 7 6 10 14 3 5 13 9 2 1
7 11 15 14 10 6 2 3 4 8 5 16 1 12 13 9
8 4 3 2 1 5 6 10 11 12 13 14 16 7 9 15
4 8 12 11 7 3 2 1 5 9 13 6 14 15 10 16
12 11 15 14 10 6 7 8 4 3 5 1 16 2 9 13
7 11 12 8 4 3 2 6 10 9 16 14 1 13 15 5
11 7 8 4 3 2 6 5 9 10 12 16 15 1 14 13
16 15 11 7 3 2 6 5 9 13 4 8 12 14 1 10
10 6 7 3 2 1 5 9 13 14 12 11 16 8 15 4
5 9 10 14 15 16 12 11 7 6 3 8 2 4 13 1
6 2 1 5 9 13 14 15 11 12 4 16 7 3 8 10
5 1 2 3 4 8 7 11 10 9 12 16 13 14 6 15
8 12 11 10 14 13 9 5 6 7 3 1 16 4 2 15
4 8 12 11 10 9 5 6 7 3 2 13 15 14 16 1
4 3 2 6 10 14 15 11 12 16 13 1 8 7 5 9
13 14 10 6 7 11 15 16 12 8 3 5 9 2 1 4
1 5 9 10 14 15 11 7 3 4 16 8 13 2 12 6
10 6 5 9 13 14 15 11 7 8 12 2 16 1 4 3
4 8 12 16 15 11 10 6 7 3 1 9 5 2 14 13
3 2 1 5 6 7 11 15 16 12 13 9 14 4 8 10
15 11 7 3 2 6 10 9 5 1 14 12 4 8 16 13
14 10 11 7 6 2 3 4 8 12 5 1 9 15 16 13
15 14 13 9 5 1 2 3 7 11 12 4 16 10 6 8
12 16 15 14 10 9 5 6 7 3 2 4 13 1 8 11
15 11 7 3 2 1 5 9 10 6 16 13 8 12 4 14
1 2 6 7 8 12 11 10 14 13 9 15 4 3 5 16
12 11 7 3 2 6 10 14 15 16 13 5 9 4 1 8
13 9 5 6 2 3 4 8 12 16 1 11 15 7 14 10
12 11 7 6 10 14 13 9 5 1 3 15 8 4 16 2
14 15 16 12 8 4 3 7 6 5 2 13 1 10 9 11
8 12 16 15 14 10 6 7 3 2 11 13 4 5 1 9
9 5 1 2 6 10 11 12 16 15 7 3 13 4 14 8
12 16 15 14 10 9 5 6 7 3 11 1 13 4 8 2
1 2 3 7 11 15 16 12 8 4 10 9 13 6 5 14
16 12 8 4 3 2 6 10 9 13 11 1 14 5 15 7
14 13 9 5 6 10 11 7 8 12 16 3 1 4 2 15
1 5 6 7 3 4 8 12 11 15 13 9 2 10 16 14
8 7 3 2 6 5 9 13 14 10 1 12 16 11 4 15
2 3 7 8 12 11 10 14 13 9 6 4 16 5 1 15
13 9 5 6 2 3 7 8 12 16 11 4 15 1 14 10
14 15 11 7 6 2 1 5 9 10 4 13 16 3 8 12
7 8 12 11 10 14 13 9 5 6 2 4 1 15 3 16
3 7 11 12 16 15 14 10 6 2 9 1 5 8 4 13
13 9 5 6 10 14 15 11 7 8 2 4 16 12 3 1
6 2 1 5 9 13 14 10 11 15 12 3 8 4 16 7
12 8 7 6 5 9 10 11 15 14 2 13 1 16 4 3
5 1 2 3 7 6 10 14 15 16 4 13 9 12 8 11
8 7 6 10 9 13 14 15 11 12 1 5 4 2 3 16
3 7 6 5 9 13 14 10 11 15 4 16 1 8 2 12