6 5 9 10 11 16 12 8 4 3 2 1 13 14 7 15
2 3 7 5 9 10 11 15 16 12 8 4 6 1 13 14
5 9 10 6 2 3 11 15 16 12 8 13 14 7 1 4
2 6 7 8 12 11 14 13 9 5 1 10 3 4 16 15
14 15 11 10 9 5 2 3 4 8 7 16 12 6 13 1
16 12 8 7 6 14 13 9 5 1 2 11 4 3 10 15
10 11 12 7 3 2 6 5 9 13 14 15 16 8 4 1
12 8 7 6 2 1 9 13 14 15 16 4 11 10 3 5
3 2 6 7 10 14 15 16 12 8 4 1 5 11 9 13
7 3 2 6 9 10 14 15 16 12 8 4 1 5 13 11
2 3 7 5 9 10 11 12 16 15 14 4 8 1 13 6
1 5 6 7 3 4 12 16 15 14 13 9 10 11 2 8
7 15 14 10 6 2 3 4 8 12 11 16 13 9 5 1
1 2 6 8 12 11 15 14 13 9 10 3 5 4 16 7
14 10 9 5 6 7 3 4 12 16 15 11 13 1 2 8
8 7 11 15 13 9 5 1 2 3 4 6 12 16 14 10
11 7 3 2 6 10 14 13 15 16 12 8 4 1 5 9
15 14 10 11 12 8 4 3 2 1 5 13 9 7 16 6
14 13 10 11 12 8 7 3 2 1 5 9 6 15 16 4
4 3 7 6 5 9 11 12 16 15 14 2 8 10 1 13
14 13 5 6 7 8 12 16 15 11 10 9 1 2 3 4
3 2 6 7 8 12 15 14 13 9 10 1 5 11 4 16
8 12 10 6 2 3 7 11 15 14 13 16 9 5 1 4
10 6 7 8 12 11 14 13 9 5 1 2 3 4 16 15
11 12 8 7 6 5 9 10 14 15 13 16 4 3 2 1
3 2 6 8 12 11 15 14 13 9 5 1 10 4 16 7
6 14 15 11 7 3 2 1 5 9 10 13 16 12 8 4
1 2 3 7 11 10 9 13 14 15 16 6 4 8 12 5
7 11 15 14 9 5 1 2 3 4 8 12 16 10 13 6
1 5 9 10 11 12 8 7 2 3 4 6 13 14 15 16
11 12 8 7 6 5 9 13 15 14 10 16 4 3 2 1
13 14 11 12 8 7 3 2 1 5 9 15 10 16 4 6
3 4 2 6 10 9 13 14 15 16 12 8 1 7 11 5
10 6 7 3 11 15 14 13 9 5 1 2 8 4 12 16
12 8 7 6 2 1 9 13 14 15 16 4 11 10 3 5
14 15 11 9 5 6 2 3 7 8 4 16 12 13 1 10
14 10 11 12 8 7 6 2 1 5 13 9 15 16 4 3
16 12 10 11 7 3 2 1 5 9 13 8 14 15 6 4
15 14 10 12 8 7 3 2 6 5 1 13 9 16 4 11
12 8 7 6 5 9 13 14 11 15 16 4 3 2 1 10
4 3 1 5 9 10 14 15 16 12 8 7 2 6 13 11
5 9 10 11 7 12 8 4 3 2 1 13 14 15 6 16
10 11 7 3 2 1 9 13 14 15 16 12 8 4 6 5
15 14 10 6 2 3 7 8 12 11 16 13 9 5 1 4
14 15 11 7 3 2 6 10 9 5 13 16 12 8 4 1
2 3 7 8 12 11 10 14 13 9 5 1 6 4 16 15
16 12 11 10 2 3 7 6 5 9 13 8 15 14 1 4
6 5 9 10 11 12 8 7 3 4 2 1 13 14 15 16
15 11 12 8 7 6 2 1 5 9 13 10 16 4 3 14
2 3 7 11 15 14 10 6 5 9 1 4 8 12 16 13