13 14 11 10 6 1 3 4 8 12 16 15 9 7 5 2
9 13 14 11 6 1 3 4 8 12 16 15 10 7 5 2
1 2 10 7 8 12 15 14 13 9 5 6 11 3 4 16
11 7 12 15 10 9 5 6 2 3 4 8 16 14 13 1
11 10 15 12 8 7 2 1 5 9 13 14 16 4 6 3
9 13 10 6 2 3 7 11 12 16 15 14 5 1 4 8
7 6 10 14 15 12 4 3 2 1 5 9 11 13 16 8
13 14 15 11 8 3 6 2 1 5 9 10 16 12 4 7
6 10 14 15 12 8 3 2 1 5 9 13 11 16 7 4
13 14 15 12 4 2 5 9 10 6 7 11 16 8 3 1
10 6 2 4 7 12 15 14 13 9 5 1 3 8 11 16
16 15 11 8 3 2 5 6 10 9 13 14 12 4 7 1
13 9 5 1 3 7 8 12 16 15 14 10 6 2 11 4
7 6 9 14 10 12 8 4 3 2 1 5 13 15 11 16
13 14 10 9 1 3 7 8 12 16 15 11 6 5 2 4
13 14 15 12 4 7 2 1 5 9 10 11 16 8 3 6
5 6 2 3 8 16 14 13 9 10 11 7 1 4 12 15
13 9 1 3 8 16 14 10 11 7 6 5 2 4 12 15
15 16 12 8 3 6 5 9 13 14 10 11 7 4 2 1
4 8 7 11 15 14 10 9 5 1 2 3 12 16 13 6
1 2 5 13 10 15 12 8 4 3 7 6 9 14 11 16
3 4 8 6 5 9 14 10 11 15 16 12 7 2 1 13
7 3 2 6 9 14 11 15 16 12 8 4 1 5 13 10
13 14 9 1 3 8 16 15 11 7 6 10 5 2 4 12
6 7 11 15 14 10 5 1 2 3 4 8 12 16 13 9
12 8 7 11 15 14 9 5 1 2 3 4 6 16 13 10
1 5 6 3 7 11 12 16 15 14 13 9 2 4 10 8
14 13 5 1 3 8 12 16 15 11 10 9 6 2 4 7
7 11 15 14 10 6 1 2 3 4 8 12 16 13 9 5
4 3 8 16 14 10 9 5 1 2 6 7 12 15 13 11
16 15 10 11 7 3 2 1 5 9 13 14 12 8 6 4
11 15 16 8 3 2 5 6 10 9 13 14 12 4 7 1
15 14 10 11 12 7 3 2 1 5 9 13 6 16 8 4
7 11 16 14 9 5 6 2 3 4 8 12 15 13 10 1
10 6 9 14 15 11 8 4 3 2 1 5 13 16 7 12
1 5 6 10 7 8 12 16 15 14 13 9 2 11 3 4
14 15 11 10 9 5 2 3 4 8 12 16 7 13 6 1
16 12 10 7 3 2 5 9 13 14 15 11 6 8 4 1
11 7 5 9 10 15 12 8 4 3 2 6 1 13 14 16
8 4 3 6 11 16 14 13 9 5 1 2 7 10 12 15
15 16 11 10 14 9 1 2 3 4 8 12 7 6 13 5
11 12 16 14 9 5 2 6 7 3 4 8 15 13 10 1
4 3 7 8 16 14 13 9 5 1 2 6 11 12 15 10
5 1 3 8 12 15 14 13 9 10 6 2 4 7 11 16
13 9 10 15 12 7 8 4 3 2 1 5 14 16 11 6
16 12 7 10 15 13 5 1 2 3 4 8 6 11 14 9
1 2 3 7 5 9 14 15 16 12 8 4 11 6 10 13
6 10 9 5 2 4 7 11 12 16 15 14 13 1 3 8
7 3 2 6 9 14 11 15 16 12 8 4 1 5 13 10
14 13 9 11 12 8 3 7 6 2 1 5 10 15 16 4