1 5 6 7 11 10 9 13 14 15 16 12 8 4 3 2
12 16 15 14 13 9 5 1 2 3 4 8 7 6 10 11
12 8 4 3 7 6 2 1 5 9 13 14 10 11 15 16
10 11 12 16 15 14 13 9 5 1 2 3 4 8 7 6
2 6 7 3 4 8 12 16 15 11 10 14 13 9 5 1
13 14 10 9 5 1 2 3 4 8 12 16 15 11 7 6
4 3 2 1 5 6 7 8 12 11 10 9 13 14 15 16
2 6 10 11 7 3 4 8 12 16 15 14 13 9 5 1
16 12 11 15 14 13 9 5 1 2 3 4 8 7 6 10
8 4 3 2 1 5 6 10 9 13 14 15 16 12 11 7
16 15 14 13 9 10 6 5 1 2 3 4 8 12 11 7
16 12 11 7 8 4 3 2 1 5 6 10 9 13 14 15
9 13 14 10 11 15 16 12 8 4 3 7 6 5 1 2
5 9 13 14 10 6 7 11 15 16 12 8 4 3 2 1
16 15 11 10 14 13 9 5 1 2 6 7 3 4 8 12
10 6 7 8 4 3 2 1 5 9 13 14 15 16 12 11
9 13 14 15 16 12 8 7 11 10 6 5 1 2 3 4
7 6 2 3 4 8 12 16 15 11 10 14 13 9 5 1
13 14 15 16 12 11 10 9 5 1 2 3 4 8 7 6
12 16 15 14 13 9 10 6 5 1 2 3 4 8 7 11
11 10 9 5 1 2 6 7 3 4 8 12 16 15 14 13
13 9 5 1 2 6 10 14 15 11 7 3 4 8 12 16
4 8 12 16 15 14 13 9 5 1 2 3 7 11 10 6
1 2 3 4 8 12 16 15 14 13 9 10 11 7 6 5
8 4 3 2 1 5 6 7 11 12 16 15 14 13 9 10
16 15 14 13 9 5 1 2 3 4 8 7 6 10 11 12
3 4 8 12 16 15 14 10 11 7 6 2 1 5 9 13
11 7 6 10 9 13 14 15 16 12 8 4 3 2 1 5
11 10 6 7 8 4 3 2 1 5 9 13 14 15 16 12
8 4 3 7 6 2 1 5 9 10 11 12 16 15 14 13
1 5 9 13 14 10 6 2 3 4 8 12 16 15 11 7
1 2 3 4 8 7 11 12 16 15 14 10 6 5 9 13
6 10 14 13 9 5 1 2 3 4 8 7 11 15 16 12
11 7 6 5 1 2 3 4 8 12 16 15 14 13 9 10
13 9 5 1 2 6 10 11 7 3 4 8 12 16 15 14
11 10 6 7 3 4 8 12 16 15 14 13 9 5 1 2
13 9 5 1 2 3 4 8 7 6 10 14 15 16 12 11
9 13 14 10 6 5 1 2 3 7 11 15 16 12 8 4
15 11 10 14 13 9 5 1 2 6 7 3 4 8 12 16
11 10 6 7 8 4 3 2 1 5 9 13 14 15 16 12
16 15 14 13 9 5 1 2 6 10 11 7 3 4 8 12
4 8 12 16 15 14 13 9 10 11 7 6 5 1 2 3
13 14 15 11 10 9 5 1 2 6 7 3 4 8 12 16
13 9 5 1 2 6 7 11 10 14 15 16 12 8 4 3
5 1 2 6 7 3 4 8 12 16 15 14 13 9 10 11
8 4 3 7 6 2 1 5 9 10 11 12 16 15 14 13
8 4 3 7 6 2 1 5 9 13 14 15 16 12 11 10
16 15 14 10 6 7 11 12 8 4 3 2 1 5 9 13
5 1 2 3 4 8 12 16 15 11 7 6 10 9 13 14
7 8 4 3 2 1 5 9 13 14 15 16 12 11 10 6