6 7 10 3 15 9 12 16 13 4 5 11 14 8 1 2
11 10 7 14 5 3 8 4 2 16 15 9 6 12 1 13
10 9 11 5 14 12 3 2 16 6 7 13 15 4 8 1
7 3 11 2 8 10 15 14 9 6 5 4 12 16 13 1
7 6 11 2 9 12 15 14 16 3 8 5 10 13 4 1
11 12 10 8 15 6 9 1 2 4 3 16 14 13 5 7
11 7 10 8 2 9 14 13 5 12 15 3 6 16 1 4
10 9 11 5 14 3 12 16 2 1 7 13 15 8 4 6
6 2 10 3 5 14 12 8 13 4 11 1 9 16 15 7
6 10 7 9 15 3 12 16 4 1 5 14 11 8 2 13
10 11 6 15 3 5 8 4 1 14 9 7 2 12 13 16
6 2 10 3 5 12 14 15 8 7 11 1 9 13 16 4
10 9 11 5 14 7 12 4 3 2 6 13 15 16 8 1
10 14 6 15 9 7 2 4 8 16 12 13 5 1 3 11
10 14 6 15 9 8 2 1 4 11 7 13 5 3 12 16
7 11 6 12 14 2 5 9 3 16 4 15 10 13 1 8
10 11 6 15 3 5 8 4 1 16 13 7 2 12 9 14
11 10 7 14 5 3 8 4 1 13 16 9 6 12 2 15
6 10 7 9 15 12 3 1 8 5 2 14 11 4 16 13
7 6 11 2 9 15 12 4 13 1 8 5 10 16 14 3
6 5 7 9 2 15 8 4 14 13 11 1 3 12 16 10
11 15 7 14 12 3 5 1 2 13 6 16 8 9 4 10
11 10 7 14 5 3 8 4 2 13 15 9 6 12 1 16
7 11 6 12 14 2 5 13 3 4 8 15 10 9 1 16
7 3 11 2 8 10 15 13 14 1 5 4 12 16 9 6
10 6 11 5 3 15 12 4 14 1 13 2 7 8 16 9
11 15 7 13 12 6 3 2 1 9 10 16 8 4 5 14
11 7 10 8 2 5 14 15 1 16 12 3 6 13 9 4
11 15 7 14 12 3 5 1 2 13 6 16 8 9 4 10
10 6 11 5 3 8 15 16 12 1 13 2 7 14 4 9
6 10 7 9 12 3 15 14 2 13 1 11 8 16 4 5
6 5 7 9 2 8 15 14 12 13 10 1 3 16 4 11
6 5 7 9 2 8 15 16 4 10 14 1 3 11 12 13
10 11 6 15 8 2 5 1 4 14 9 12 7 13 3 16
7 6 11 2 14 12 9 5 8 1 4 10 15 13 16 3
10 9 11 5 14 7 12 16 8 1 2 13 15 4 3 6
7 3 11 2 8 15 10 9 16 1 5 4 12 13 14 6
11 12 10 8 15 6 9 5 1 7 3 16 14 13 2 4
11 15 7 14 12 5 3 4 1 10 6 16 8 2 9 13
6 5 7 13 2 11 8 4 15 14 10 1 3 16 12 9
11 15 7 14 12 3 5 1 4 10 6 16 8 9 2 13
10 14 6 15 9 7 2 1 8 16 11 13 5 4 3 12
11 10 7 14 5 2 8 16 1 15 12 9 6 4 3 13
7 8 6 12 3 14 5 1 10 16 11 4 2 9 13 15
11 10 7 14 5 8 3 1 4 13 15 9 6 2 12 16
6 5 7 9 2 8 15 16 12 13 11 1 3 14 4 10
7 11 6 12 14 2 9 13 3 16 4 15 10 5 1 8
11 12 10 4 15 6 9 13 2 8 7 16 14 5 1 3
6 7 10 3 12 15 9 5 16 1 2 8 11 13 14 4
6 5 7 13 2 11 8 12 16 9 10 1 3 4 15 14