7 6 11 5 10 15 12 16 14 9 4 3 1 8 13 2
11 12 7 8 16 6 3 2 10 4 9 15 5 13 14 1
2 3 6 7 4 10 5 1 14 11 12 16 13 9 15 8
7 11 6 12 15 5 10 14 9 16 13 3 8 2 4 1
7 3 11 2 4 15 12 8 16 1 9 13 5 14 6 10
6 5 7 9 1 8 11 15 4 13 16 3 10 12 2 14
11 7 12 6 3 16 8 4 15 10 9 1 2 13 5 14
7 11 6 12 15 2 5 9 1 16 4 14 8 13 10 3
6 7 5 11 8 1 9 13 2 12 10 4 3 14 16 15
10 11 9 12 15 5 13 14 1 16 3 4 8 7 6 2
7 6 8 2 10 4 12 16 3 1 9 13 11 14 15 5
6 10 7 9 14 11 3 4 12 13 16 2 5 8 15 1
14 15 10 11 16 6 9 13 2 12 4 3 1 5 7 8
11 10 12 6 14 8 16 15 4 7 3 1 13 5 2 9
6 7 10 3 8 11 14 13 15 2 9 5 4 16 12 1
10 11 9 7 15 13 5 1 14 8 4 3 6 16 12 2
6 10 7 14 9 8 11 15 12 13 1 16 4 3 2 5
2 3 6 7 4 10 5 9 11 8 13 16 15 14 1 12
7 3 11 2 4 15 12 8 14 1 5 13 6 16 10 9
11 10 7 14 6 8 3 2 12 13 5 16 1 9 15 4
6 2 10 3 1 9 14 15 13 7 8 4 5 16 11 12
7 8 6 4 12 10 5 1 11 3 15 13 9 2 16 14
7 11 8 15 10 4 12 16 3 14 1 5 2 6 13 9
5 6 9 7 2 10 13 14 11 3 12 16 1 4 15 8
10 11 6 15 12 2 7 8 3 16 4 9 5 14 13 1
6 7 10 3 8 11 9 13 15 2 5 4 1 16 12 14
10 6 11 7 2 15 12 8 16 3 4 1 9 13 14 5
6 10 7 14 9 11 3 4 15 13 16 1 8 12 2 5
10 6 11 2 5 15 7 3 16 1 12 4 13 9 14 8
7 11 6 12 10 2 5 9 3 16 8 14 15 13 1 4
10 11 9 7 15 13 5 1 14 3 4 8 2 16 12 6
11 10 12 6 14 8 16 15 4 5 3 1 13 7 2 9
7 11 6 12 15 2 5 1 3 8 16 4 10 9 14 13
11 10 12 6 14 8 16 15 4 5 7 3 1 2 13 9
10 6 11 5 7 15 12 8 14 9 3 4 2 13 1 16
8 12 7 11 16 6 3 4 10 15 13 2 1 14 9 5
11 7 10 8 3 14 6 5 13 4 1 9 2 15 16 12
6 7 5 11 8 9 1 2 10 12 14 15 4 13 16 3
15 14 11 10 13 12 7 6 16 9 1 2 3 4 5 8
10 11 6 15 7 5 2 3 1 14 8 9 13 16 4 12
10 9 11 5 13 15 7 3 16 6 4 2 12 8 1 14
6 7 10 8 3 11 9 13 15 12 2 16 5 4 1 14
11 7 10 3 8 14 9 5 13 4 16 1 2 12 15 6
10 11 6 15 12 7 2 3 8 14 13 16 4 9 5 1
9 5 10 6 1 14 11 7 13 2 4 12 3 16 15 8
7 3 11 2 4 12 15 14 8 1 5 13 16 9 10 6
6 2 10 1 3 11 9 13 15 5 12 4 16 8 7 14
7 6 11 2 5 15 12 16 14 1 9 3 13 8 10 4
6 10 7 9 11 3 8 12 4 5 16 14 13 2 1 15
10 14 6 13 15 7 2 1 8 9 5 4 11 3 16 12