10 6 14 7 2 15 13 9 11 3 8 1 4 5 16 12
11 7 10 12 3 6 14 15 2 16 8 1 4 13 5 9
6 10 7 2 9 15 8 4 14 1 3 5 13 12 11 16
10 11 6 3 15 8 5 9 4 7 2 16 14 1 12 13
7 6 11 8 2 15 10 14 16 4 12 1 3 9 13 5
10 11 6 7 12 5 14 15 1 3 8 4 16 13 9 2
10 11 6 12 7 14 5 9 13 16 4 3 8 1 15 2
3 11 7 9 15 8 6 2 4 13 5 14 16 10 12 1
7 11 3 9 15 2 8 12 1 5 10 14 16 4 6 13
9 11 10 12 7 14 6 5 13 4 16 3 8 2 15 1
7 6 11 10 2 8 15 16 12 5 9 3 1 14 4 13
12 10 11 2 9 15 7 3 16 1 6 5 13 8 14 4
8 6 7 10 5 11 3 2 12 13 14 9 1 4 15 16
8 6 7 5 14 3 11 12 2 9 1 13 10 15 4 16
6 7 5 11 8 9 1 3 13 12 15 4 16 2 10 14
7 3 11 2 4 10 15 14 5 1 6 8 12 16 9 13
6 2 10 1 3 14 11 12 13 5 9 7 4 15 16 8
7 6 11 2 14 10 12 8 5 3 1 13 15 16 9 4
11 7 10 5 3 12 14 15 8 1 6 2 4 13 16 9
10 11 6 14 12 3 5 1 7 13 15 16 8 9 4 2
7 3 11 8 1 15 10 9 14 4 12 5 2 6 16 13
11 7 10 2 8 5 14 15 9 6 3 12 4 13 1 16
9 10 11 6 14 12 7 3 4 2 5 15 13 8 16 1
11 10 7 14 12 3 6 2 4 15 13 16 8 5 1 9
11 12 10 8 15 2 9 5 1 4 7 16 14 13 3 6
10 6 11 3 5 14 12 16 15 2 7 9 1 8 13 4
6 10 7 9 12 3 15 14 4 13 5 16 8 11 2 1
11 10 7 9 14 8 6 5 12 1 13 16 15 2 4 3
10 14 6 15 13 2 7 8 1 16 11 9 5 3 4 12
11 10 12 6 9 15 4 3 14 7 2 13 5 8 16 1
10 6 14 2 8 15 13 9 16 3 1 7 4 5 11 12
10 11 9 12 7 5 13 14 6 4 16 8 3 15 1 2
11 10 12 9 2 16 8 4 14 13 5 1 6 7 15 3
7 6 11 2 5 12 15 14 16 1 3 13 9 10 8 4
10 6 11 5 2 8 15 16 7 9 13 3 1 14 4 12
11 10 7 14 12 6 3 2 5 15 13 8 16 4 9 1
10 11 6 7 15 2 9 13 1 3 8 14 16 5 4 12
10 11 9 7 12 1 14 13 2 3 6 8 16 15 5 4
6 2 10 5 4 11 14 15 12 9 1 8 3 13 7 16
10 11 6 15 3 7 5 1 8 14 16 4 2 9 12 13
2 10 6 11 14 7 5 9 8 12 16 13 15 1 3 4
7 11 6 12 14 3 5 1 4 16 8 15 13 9 2 10
10 11 6 12 15 5 2 3 9 4 8 16 14 1 7 13
7 6 11 2 14 12 10 5 8 3 1 13 15 9 16 4
9 11 10 3 12 6 14 13 7 2 4 8 16 15 5 1
6 5 7 9 1 8 11 15 4 13 14 2 3 10 12 16
6 2 10 3 1 14 12 8 15 4 7 9 5 11 13 16
7 11 6 12 3 5 10 15 9 16 8 4 2 14 1 13
12 11 10 7 15 6 9 1 2 8 3 16 14 13 5 4
7 11 6 12 15 2 10 5 3 16 8 13 14 9 1 4