7 6 8 10 5 12 4 3 11 14 9 13 16 15 1 2
6 10 2 14 11 1 3 4 5 15 12 16 13 9 7 8
11 7 15 3 6 14 16 12 13 2 5 1 4 9 10 8
11 10 7 14 6 8 3 2 12 13 5 9 4 16 15 1
5 6 9 2 7 10 13 14 11 3 8 4 16 12 1 15
6 10 7 11 9 8 3 2 12 15 13 14 4 16 5 1
10 6 14 2 7 15 13 9 11 3 8 4 1 12 16 5
2 3 6 7 4 10 5 9 14 11 8 12 16 15 1 13
6 7 5 8 11 9 1 2 13 12 15 16 10 14 4 3
6 10 7 11 9 3 8 12 2 15 13 14 4 1 5 16
7 11 6 12 10 5 2 3 9 16 14 15 8 13 1 4
3 2 7 6 1 8 11 15 12 10 5 9 4 16 13 14
11 7 10 8 6 14 9 5 15 4 2 3 13 16 12 1
6 10 7 11 9 8 3 2 12 15 13 14 5 16 4 1
3 2 7 1 6 8 11 15 12 5 10 9 13 16 4 14
7 11 6 10 12 2 5 9 3 14 16 15 1 4 8 13
10 11 9 12 7 13 5 1 14 8 3 4 16 15 6 2
7 6 11 2 10 12 15 14 8 1 9 5 3 4 16 13
10 6 14 2 7 13 15 16 9 3 8 4 11 5 1 12
5 6 9 2 7 13 10 11 14 3 8 4 1 15 16 12
6 10 7 9 11 3 8 12 2 13 15 14 5 1 4 16
11 7 15 6 3 14 16 12 10 5 2 1 13 9 4 8
11 10 12 9 6 8 16 15 4 5 2 1 13 3 7 14
7 11 3 15 10 2 4 8 1 14 9 13 16 5 6 12
6 10 2 14 11 1 3 7 5 15 12 16 4 9 13 8
10 11 6 7 15 5 2 3 9 8 16 12 1 13 14 4
12 11 8 15 10 7 4 3 6 14 9 13 1 5 16 2
10 11 9 7 12 13 5 1 14 3 8 4 6 15 16 2
7 11 3 10 15 2 4 8 6 9 14 13 16 5 1 12
11 7 15 3 6 16 14 13 12 2 5 1 10 8 4 9
11 7 10 6 8 14 9 5 15 2 4 3 12 16 13 1
14 15 10 16 11 6 9 5 2 12 7 8 4 3 13 1
9 5 10 1 6 11 14 15 12 2 7 3 4 8 13 16
10 6 14 7 2 15 13 9 16 8 3 4 11 12 1 5
8 12 7 11 16 3 6 5 2 10 15 14 4 1 13 9
7 6 11 10 2 15 12 8 14 9 1 5 3 13 16 4
6 10 2 14 11 1 3 7 5 15 12 16 13 9 4 8
3 7 2 11 8 1 6 10 5 15 12 16 4 9 13 14
6 7 5 11 8 9 1 2 13 15 12 16 10 14 4 3
5 9 6 10 13 7 2 3 8 11 14 15 16 12 1 4
6 7 10 11 3 14 9 5 15 12 4 8 2 16 13 1
12 8 11 4 7 15 10 9 14 3 6 2 16 13 1 5
12 11 8 10 15 7 4 3 6 9 14 13 16 5 1 2
10 6 11 5 7 15 12 8 14 1 3 2 9 13 16 4
11 10 7 6 14 3 8 12 2 5 13 9 4 1 15 16
11 10 12 9 6 16 8 7 15 5 2 1 4 14 13 3
11 10 12 9 6 16 8 4 15 5 2 1 13 14 7 3
3 7 2 8 11 6 1 5 10 12 15 16 13 14 4 9
6 10 7 11 9 3 8 12 2 15 13 14 4 1 5 16
11 10 7 14 6 8 3 2 12 13 5 9 15 16 4 1