7 11 3 9 15 2 8 4 1 10 13 16 14 12 6 5
6 10 7 2 9 8 11 12 4 3 1 13 14 15 16 5
2 6 10 8 7 14 9 13 16 4 12 11 3 5 15 1
7 6 11 14 2 9 12 4 13 15 10 1 3 16 5 8
10 11 2 14 12 3 6 5 4 13 15 16 8 7 1 9
8 6 7 10 5 3 15 16 4 11 13 1 9 14 2 12
11 10 3 9 14 7 2 1 8 13 5 15 16 4 6 12
7 6 8 5 10 12 4 2 15 1 13 9 14 3 16 11
11 7 15 3 6 13 12 16 14 1 4 2 5 8 9 10
6 8 10 12 4 9 14 13 5 16 11 7 3 15 1 2
6 10 7 14 2 8 15 16 4 13 9 1 3 11 12 5
11 10 7 9 14 8 6 3 4 5 1 15 13 2 16 12
6 10 7 11 14 8 3 1 4 9 15 16 13 2 12 5
6 10 2 12 14 3 1 9 7 16 8 15 13 5 4 11
10 6 11 7 5 14 12 16 15 8 3 1 9 4 13 2
15 14 7 10 9 3 8 12 1 6 11 13 5 4 2 16
8 7 11 3 6 10 15 13 9 4 1 2 5 16 14 12
7 3 11 8 2 10 15 16 9 12 4 5 1 13 14 6
10 11 6 12 14 2 7 5 1 4 16 15 13 8 3 9
3 11 7 15 10 8 5 13 4 14 16 9 6 1 12 2
11 7 10 3 8 5 13 9 1 2 4 12 16 14 6 15
7 8 6 3 16 10 5 1 14 2 4 15 12 13 9 11
10 6 11 8 5 15 3 2 14 12 4 1 13 7 16 9
9 5 11 6 1 15 12 8 14 10 7 3 2 4 16 13
7 6 11 9 2 15 12 8 14 13 10 5 1 4 16 3
7 10 8 9 14 4 12 11 3 5 1 13 15 16 2 6
7 6 8 5 10 4 16 15 2 1 13 9 14 12 3 11
11 10 7 6 9 3 12 16 4 2 14 13 5 8 1 15
10 6 12 2 9 16 8 7 14 1 3 13 5 4 15 11
10 2 11 6 3 12 14 15 8 5 7 4 1 13 16 9
7 6 11 3 5 10 12 16 14 2 4 1 13 8 9 15
7 11 6 9 12 2 10 14 1 13 5 8 16 15 3 4
7 6 11 2 9 15 12 8 14 4 1 10 5 16 13 3
3 7 6 8 11 5 14 15 1 4 16 10 12 13 9 2
12 10 11 9 2 15 7 8 14 13 5 3 1 6 16 4
11 10 7 2 9 15 8 4 16 3 1 13 5 6 14 12
11 15 7 14 16 5 3 2 6 13 9 8 12 4 1 10
11 10 7 14 6 8 5 1 12 16 13 3 2 9 4 15
10 6 11 8 2 16 9 5 15 4 7 1 3 13 12 14
11 10 7 13 6 8 3 2 12 9 14 1 5 4 16 15
6 11 7 15 9 8 2 1 4 14 16 5 13 3 12 10
7 11 5 8 15 9 2 1 10 12 4 14 16 6 13 3
6 7 10 8 2 11 13 9 12 4 16 3 1 14 15 5
11 7 15 3 5 13 16 12 9 4 2 1 6 8 14 10
11 7 10 8 3 14 9 5 16 4 12 1 2 6 13 15
6 11 10 7 12 9 14 13 1 4 3 16 8 15 5 2
6 8 10 7 12 14 9 1 13 4 3 11 16 5 15 2
12 11 10 15 7 9 6 1 5 16 14 3 8 2 13 4
11 7 10 3 6 14 9 13 15 2 4 8 5 1 16 12
7 15 6 14 16 5 3 4 9 13 10 8 12 2 1 11