3 4 7 8 12 16 14 15 11 10 9 5 6 1 2 13
12 16 11 15 14 13 5 9 10 6 2 3 4 7 1 8
15 13 14 9 5 1 2 6 10 11 12 8 4 3 16 7
9 1 5 2 3 4 8 7 6 10 14 15 16 13 12 11
8 16 12 15 14 13 9 10 11 7 6 5 1 4 2 3
8 16 12 15 14 13 9 10 11 7 6 2 3 5 4 1
12 4 8 3 2 1 5 6 7 11 15 14 13 16 9 10
2 4 3 8 12 16 15 11 7 6 5 9 13 10 14 1
5 1 6 2 3 4 12 8 7 11 15 14 13 9 10 16
8 16 12 15 14 13 9 10 11 7 3 2 1 5 6 4
8 4 7 3 2 1 9 5 6 10 14 15 11 13 12 16
9 1 5 2 3 4 8 7 6 10 11 12 16 13 15 14
14 16 15 12 8 4 3 7 11 10 9 5 1 2 6 13
3 4 7 8 12 16 14 15 11 10 6 5 1 13 2 9
5 13 9 14 15 16 12 11 10 6 2 3 7 8 1 4
9 1 5 2 3 4 8 7 6 10 14 15 11 13 12 16
2 4 3 8 12 16 15 11 7 6 10 9 5 14 1 13
12 4 8 3 2 1 5 6 7 11 10 14 13 15 16 9
5 1 6 2 3 4 12 8 7 11 10 9 13 15 14 16
15 13 14 9 5 1 2 6 10 11 7 3 4 12 16 8
14 16 15 12 8 4 3 7 11 10 6 5 1 13 9 2
3 4 7 8 12 16 14 15 11 10 9 5 1 2 13 6
2 4 3 8 12 16 15 11 7 6 5 9 13 1 14 10
3 4 7 8 12 16 14 15 11 10 9 5 1 13 2 6
5 13 9 14 15 16 12 11 10 6 2 3 7 8 1 4
12 4 8 3 2 1 5 6 7 11 10 14 13 16 15 9
12 16 11 15 14 13 5 9 10 6 7 3 4 8 2 1
2 1 6 5 9 13 15 14 10 11 12 8 4 3 7 16
2 1 6 5 9 13 15 14 10 11 12 8 4 3 7 16
8 16 12 15 14 13 9 10 11 7 6 2 3 4 5 1
9 1 5 2 3 4 8 7 6 10 14 15 11 13 16 12
15 13 14 9 5 1 2 6 10 11 12 8 4 7 3 16
14 16 15 12 8 4 3 7 11 10 6 5 9 1 13 2
2 1 6 5 9 13 15 14 10 11 7 3 4 16 12 8
9 1 5 2 3 4 8 7 6 10 11 12 16 13 14 15
2 1 6 5 9 13 15 14 10 11 7 3 4 12 16 8
14 16 15 12 8 4 3 7 11 10 9 5 1 2 13 6
14 16 15 12 8 4 3 7 11 10 9 5 6 1 13 2
5 13 9 14 15 16 12 11 10 6 7 8 4 3 1 2
14 16 15 12 8 4 3 7 11 10 9 5 1 2 13 6
12 16 11 15 14 13 5 9 10 6 2 3 4 8 1 7
14 16 15 12 8 4 3 7 11 10 9 5 1 13 2 6
14 13 10 9 5 1 3 2 6 7 11 12 8 15 4 16
5 13 9 14 15 16 12 11 10 6 2 3 4 1 8 7
3 1 2 5 9 13 14 10 6 7 11 12 16 4 15 8
9 13 10 14 15 16 8 12 11 7 6 2 1 3 5 4
14 16 15 12 8 4 3 7 11 10 6 5 1 13 9 2
15 13 14 9 5 1 2 6 10 11 7 3 4 12 16 8
8 4 7 3 2 1 9 5 6 10 11 15 16 12 13 14
15 13 14 9 5 1 2 6 10 11 7 3 4 16 8 12