6 5 10 1 2 3 4 7 11 15 14 13 9 16 12 8
10 9 11 5 6 2 4 3 7 8 12 16 15 1 14 13
6 5 10 1 2 3 4 7 11 12 16 15 14 8 13 9
11 15 7 14 10 9 1 5 6 2 3 4 8 12 13 16
11 15 7 14 10 6 5 2 3 4 8 12 16 9 13 1
7 3 8 2 6 10 9 11 12 16 15 14 13 4 1 5
7 3 8 2 6 10 9 11 12 16 15 14 13 4 5 1
7 8 6 12 11 10 14 9 5 1 2 3 4 15 13 16
7 8 11 4 3 2 1 6 10 14 15 16 12 9 5 13
6 5 7 9 10 11 15 12 8 4 3 2 1 13 14 16
6 2 10 3 7 8 16 12 11 15 14 13 9 1 5 4
6 2 5 3 7 11 12 10 9 13 14 15 16 1 8 4
14 13 15 9 10 6 2 7 11 12 8 4 3 1 16 5
10 9 6 13 14 15 16 11 7 8 4 3 2 12 1 5
10 14 6 15 11 7 8 3 2 1 5 9 13 4 16 12
6 2 7 1 5 9 13 10 11 12 8 4 3 15 14 16
10 14 6 15 11 7 8 3 2 1 5 9 13 12 16 4
7 8 11 4 3 2 5 6 10 14 15 16 12 13 1 9
11 15 7 14 10 6 1 2 3 4 8 12 16 13 5 9
11 15 7 14 10 6 5 2 3 4 8 12 16 1 9 13
10 9 6 13 14 15 16 11 7 8 4 3 2 12 1 5
7 3 11 2 6 5 1 9 10 14 15 16 12 8 4 13
10 9 14 5 6 7 3 11 15 16 12 8 4 2 1 13
6 2 10 3 7 11 12 15 14 13 9 5 1 4 16 8
11 12 7 16 15 14 13 10 6 2 1 5 9 4 8 3
11 15 10 16 12 8 4 7 6 5 1 2 3 13 9 14
7 8 3 12 11 10 14 6 2 1 5 9 13 4 16 15
7 8 3 12 11 10 14 6 2 1 5 9 13 15 16 4
6 2 10 3 7 11 16 15 14 13 9 5 1 4 12 8
7 8 3 12 11 10 14 6 2 1 5 9 13 4 16 15
11 15 10 16 12 8 4 7 6 2 1 5 9 13 14 3
7 3 6 4 8 12 15 11 10 14 13 9 5 2 16 1
10 9 11 5 6 7 4 8 12 16 15 14 13 2 1 3
10 9 14 5 6 7 3 11 15 16 12 8 4 2 13 1
10 9 6 13 14 15 12 11 7 8 4 3 2 16 1 5
7 3 11 2 6 10 9 14 15 16 12 8 4 5 13 1
10 14 9 15 11 7 8 6 5 1 2 3 4 13 16 12
10 14 6 15 11 7 4 3 2 1 5 9 13 16 8 12
3 4 2 8 7 11 12 10 6 5 9 13 14 15 1 16
10 9 14 5 6 7 3 11 15 16 12 8 4 1 2 13
6 2 10 3 7 11 16 15 14 13 9 5 1 8 4 12
7 3 6 4 8 12 15 11 10 14 13 9 5 16 1 2
7 3 6 4 8 12 16 11 10 9 13 14 15 2 1 5
6 5 10 1 2 3 4 7 11 15 16 12 8 14 9 13
10 9 6 13 14 15 16 11 7 3 2 1 5 8 4 12
6 5 7 9 10 11 16 12 8 4 3 2 1 15 14 13
7 3 11 2 6 10 13 14 15 16 12 8 4 1 5 9
6 2 10 3 7 11 12 15 14 13 9 5 1 4 16 8
10 9 11 5 6 7 3 8 12 16 15 14 13 1 2 4
7 8 6 12 11 15 13 14 10 9 5 1 2 16 4 3