1 2 5 3 7 6 11 10 9 13 12 8 4 14 15 16
3 2 4 1 5 6 11 7 8 12 10 9 13 16 15 14
7 11 6 15 14 13 10 9 5 1 8 12 16 2 3 4
3 2 4 1 5 6 11 7 8 12 13 9 10 16 15 14
6 7 10 8 12 11 16 15 14 13 2 3 4 9 5 1
8 12 4 16 15 11 6 7 3 2 10 14 13 1 5 9
10 11 6 12 8 7 4 3 2 1 14 15 16 5 9 13
8 12 4 16 15 11 6 7 3 2 10 14 13 1 5 9
4 3 8 2 6 10 7 11 12 16 9 5 1 15 14 13
12 8 16 4 3 7 10 11 15 14 1 2 6 13 9 5
15 14 16 13 9 10 7 11 12 8 1 5 6 4 3 2
6 7 10 8 12 16 11 15 14 13 2 3 4 9 5 1
9 5 13 1 2 6 11 10 14 15 7 3 4 16 12 8
2 3 1 4 8 7 10 6 5 9 11 12 16 13 14 15
1 2 5 3 4 8 11 7 6 10 15 16 12 9 13 14
12 8 16 4 3 7 10 11 15 14 6 2 1 13 9 5
14 13 10 9 5 1 3 2 6 7 12 8 4 11 15 16
10 11 6 12 8 7 4 3 2 1 14 15 16 5 9 13
14 15 13 16 12 11 6 10 9 5 7 8 4 1 2 3
5 9 1 13 14 10 7 6 2 3 11 15 16 4 8 12
16 12 15 8 7 11 6 10 14 13 2 3 4 9 5 1
5 9 1 13 14 10 7 6 2 3 16 15 11 4 8 12
8 12 4 16 15 11 6 7 3 2 13 14 10 1 5 9
8 12 4 16 15 11 6 7 3 2 13 14 10 1 5 9
10 6 11 5 1 2 4 3 7 8 14 13 9 12 16 15
10 11 6 15 16 12 4 8 7 3 9 13 14 2 1 5
4 3 8 2 1 5 10 6 7 11 14 13 9 12 16 15
1 2 5 3 7 11 6 10 9 13 12 8 4 14 15 16
12 8 16 4 3 7 10 11 15 14 6 2 1 13 9 5
10 11 6 12 8 7 4 3 2 1 14 15 16 5 9 13
6 10 7 14 15 11 16 12 8 4 5 9 13 3 2 1
3 2 4 1 5 6 11 7 8 12 10 9 13 16 15 14
6 10 7 14 15 16 11 12 8 4 5 9 13 3 2 1
10 6 11 5 1 2 4 3 7 8 14 13 9 12 16 15
16 12 15 8 7 6 11 10 14 13 2 3 4 9 5 1
7 11 6 12 16 15 13 14 10 9 3 4 8 5 1 2
16 15 12 14 13 9 6 10 11 7 2 1 5 8 4 3
13 14 9 15 16 12 7 11 10 6 3 4 8 5 1 2
12 8 16 4 3 7 10 11 15 14 6 2 1 13 9 5
3 2 4 1 5 6 11 7 8 12 10 9 13 16 15 14
3 2 4 1 5 6 11 7 8 12 10 9 13 16 15 14
10 6 11 5 1 2 4 3 7 8 14 13 9 12 16 15
2 3 1 4 8 7 10 6 5 9 11 12 16 13 14 15
6 10 7 14 15 11 16 12 8 4 5 9 13 3 2 1
7 11 6 12 16 15 13 14 10 9 3 4 8 5 1 2
10 6 11 5 1 2 4 3 7 8 14 13 9 12 16 15
6 10 7 9 13 14 16 15 11 12 2 1 5 8 4 3
12 8 16 4 3 7 10 11 15 14 6 2 1 13 9 5
11 7 10 3 2 6 1 5 9 13 12 8 4 14 15 16
5 9 1 13 14 10 7 6 2 3 11 15 16 4 8 12