14 10 15 9 5 6 2 7 11 12 8 4 3 16 13 1
8 4 7 3 2 6 9 10 11 12 16 15 14 1 13 5
10 14 6 15 16 12 11 8 7 3 2 1 5 4 9 13
2 1 6 5 9 13 15 14 10 11 7 8 12 16 4 3
14 15 13 16 12 11 7 10 9 5 6 2 1 4 8 3
11 7 10 3 2 6 1 5 9 13 14 15 16 8 12 4
14 13 10 9 5 1 3 2 6 7 11 12 16 15 4 8
6 2 7 1 5 9 14 10 11 12 8 4 3 15 13 16
6 7 10 8 12 16 11 15 14 13 9 5 1 2 4 3
10 9 6 5 1 2 4 3 7 8 12 11 15 16 14 13
10 9 6 5 1 2 4 3 7 11 15 14 13 8 12 16
12 8 16 4 3 7 6 11 15 14 13 9 10 1 5 2
15 14 16 13 9 10 7 11 12 8 4 3 2 5 1 6
7 8 6 12 16 15 11 14 10 9 5 1 2 3 13 4
1 5 2 9 10 11 6 7 3 4 8 12 16 15 13 14
10 9 6 5 1 2 4 3 7 11 15 16 12 14 8 13
7 11 6 12 16 15 13 14 10 9 5 1 2 4 3 8
6 5 7 9 13 14 16 15 11 12 8 4 3 1 2 10
6 5 10 1 2 3 8 7 11 15 14 13 9 16 12 4
11 15 10 14 13 9 1 5 6 2 3 4 8 7 16 12
2 1 3 5 6 10 9 11 7 8 12 16 15 13 14 4
6 5 7 9 10 11 15 12 8 4 3 2 1 14 13 16
11 12 10 8 7 6 2 5 9 13 14 15 16 3 4 1
10 9 6 5 1 2 4 3 7 11 15 14 13 8 16 12
7 8 11 4 3 2 1 6 10 14 15 16 12 13 9 5
7 3 6 2 1 5 13 9 10 11 12 8 4 14 15 16
6 5 7 9 10 14 16 15 11 12 8 4 3 2 13 1
7 8 6 12 16 15 14 11 10 9 5 1 2 13 3 4
11 12 7 16 15 14 9 10 6 2 3 4 8 1 13 5
11 7 10 3 2 6 1 5 9 13 14 15 16 4 12 8
7 3 6 4 8 12 16 11 10 9 5 1 2 15 14 13
12 16 11 15 14 13 5 9 10 6 7 8 4 2 1 3
10 14 6 15 11 7 4 3 2 1 5 9 13 12 8 16
6 7 10 8 12 16 11 15 14 13 9 5 1 2 4 3
11 15 10 14 13 9 1 5 6 7 8 12 16 3 4 2
10 14 11 15 16 12 4 8 7 6 5 9 13 2 1 3
2 3 6 7 8 12 15 11 10 14 13 9 5 1 4 16
5 9 6 13 14 15 10 11 7 8 4 3 2 12 1 16
1 2 5 3 4 8 12 7 6 10 14 15 11 16 13 9
2 1 3 5 9 10 14 6 7 11 12 16 15 4 13 8
7 3 6 4 8 12 16 11 10 9 5 1 2 15 14 13
10 11 6 15 16 12 4 8 7 3 2 1 5 9 14 13
11 12 10 8 4 3 1 2 6 5 9 13 14 15 16 7
11 15 7 14 10 6 5 2 3 4 8 12 16 13 1 9
7 3 6 2 1 5 13 9 10 11 12 8 4 14 15 16
1 2 5 3 7 6 11 10 9 13 14 15 16 4 12 8
5 1 6 2 3 4 12 8 7 11 10 9 13 16 15 14
1 5 2 9 10 11 6 7 3 4 8 12 16 13 15 14
11 12 7 8 4 3 1 2 6 10 14 15 16 9 13 5
9 13 5 14 15 11 12 10 6 2 3 7 8 4 16 1