9  1  2  10  5  3  6  4  7  8
9  5  6  16  1  2  4  3  8  12  11  7  10
8  3  4  7  6  1  2  5  9  10  14  13  11  12  15  16
12  4  7  8  1  2  3  6  5  14  15  13  9  10  11  16
6  2  1  3  10  5  14  9  13  15  7  11  12  8  4  16
8  5  11  13  14  6  9  10  4  1  2  3  7
13  1  8  11  12  5  9  10  7  2  3  4  6
12  5  15  14  16  6  9  11  4  1  2  3  7  10  13  8
12  1  15  4  16  5  9  13  10  2  6  7  3  8  11  14
10  1  13  9  11  5  8  7  6  2  3  4
5  6  2  3  1  13  9  10  7  4  8  12
6  7  3  14  2  4  1  5  9  10  11  12  13  8  15  16
1  2  3  4  5  9  6  7  8  11  12  16
5  10  6  4  9  13  1  2  3  7  8  12  11  14  15  16
1  2  3  4  5  9  6  7  11  8  12  10  14  13  15  16
1  2  3  4  8  7  6  5  9  10
1  2  3  4  8  7  6  5  9  10  11  12  16  15  14  13
9  5  1  2  3  4  8  7  6  10  11  13  14  12  15  16
16  6  2  1  5  9  10  11  7  8  4  3  13  14  12  15
4  3  7  11  10  9  5  1  2  6  8  14  12  13  15  16
1  2  5  3  4  6  9  10  7  8
1  2  5  3  6  9  7  8  10  4  11  14  12  15  13
1  2  5  3  6  9  7  8  10  4  11  14  12  15  13  16
1  2  5  3  6  9  7  11  13  4  14  10  8  12  15  16
1  2  5  3  6  9  7  8  10  4  11  12  13  14  15  16
9  11  10  7  6  5  13  1  2  3  4  8  12
10  9  6  5  2  4  15  3  1  7  8  12  11
16  14  12  6  5  1  15  2  3  4  10  9  13  8  7  11
15  9  6  5  2  4  16  3  1  7  10  14  13  8  12  11
9  10  11  2  1  5  14  6  7  3  4  8  12
